50 65 48 66 49 65 106 61 4 6 
42 63 39 65 40 64 191 46 9 12 
36 62 33 64 34 63 202 52 7 10 
31 61 29 63 30 62 197 53 6 9 
29 61 26 62 27 61 112 49 5 7 
29 61 26 62 27 61 75 48 7 7 
34 61 31 63 32 62 191 42 9 12 
44 61 40 63 41 62 189 53 8 11 
58 59 54 60 56 59 81 54 7 8 
73 58 69 60 71 58 113 47 8 10 
88 58 84 59 86 58 91 53 7 8 
103 58 98 60 100 58 183 49 10 14 
117 59 113 60 114 59 137 60 6 9 
132 59 128 61 130 59 149 48 8 11 
143 59 139 61 140 60 171 42 10 13 
149 58 146 59 147 58 98 59 5 7 
141 58 137 59 139 58 96 52 8 9 
124 59 120 60 121 59 94 54 7 9 
106 57 102 58 104 57 149 61 6 10 
85 50 80 52 82 50 152 44 11 15 
68 45 64 47 65 46 181 50 9 12 
61 43 58 44 59 43 118 61 4 7 
52 45 49 47 50 46 183 45 8 11 
50 51 47 52 48 51 134 61 4 7 
64 50 60 52 61 50 138 51 8 11 
83 50 78 51 80 50 82 48 9 10 
103 51 99 52 101 51 104 61 7 9 
121 53 118 54 119 53 74 58 8 8 
138 54 133 55 135 54 135 63 5 9 
153 54 149 56 151 55 206 65 6 10 
148 56 145 57 146 56 100 61 6 8 
132 56 128 57 130 56 109 57 7 10 
103 56 99 57 101 56 78 54 10 10 
82 56 77 57 79 56 106 59 7 10 
63 56 59 57 61 56 93 53 8 10 
49 57 45 58 47 57 96 63 4 8 
42 58 39 59 40 58 196 69 5 8 
38 58 35 59 36 58 127 66 5 7 
39 57 36 59 37 58 205 61 7 10 
49 57 45 58 46 57 102 59 7 9 
66 55 62 57 63 56 206 60 8 13 
84 54 80 55 81 54 162 78 5 9 
106 51 102 52 104 51 110 60 7 10 
120 52 116 53 118 52 206 78 6 10 
127 51 123 53 124 52 216 59 9 13 
127 51 122 52 124 51 209 83 5 9 
118 50 114 51 116 50 146 78 6 9 
108 50 104 51 105 50 203 93 5 9 
95 52 91 53 93 52 208 106 4 8 
78 54 72 56 75 54 210 62 11 16 
56 59 52 61 54 60 216 98 5 9 
49 61 45 62 46 61 199 88 6 9 
49 61 45 62 47 61 215 104 4 8 
58 61 54 62 56 61 157 92 4 9 
75 59 70 60 72 59 210 108 5 10 
94 61 89 62 91 61 212 110 5 10 
113 60 108 61 110 60 129 74 7 12 
135 59 130 60 132 59 126 76 5 12 
152 58 147 60 149 59 216 85 7 12 
166 58 162 59 163 58 134 84 4 9 
162 58 157 59 159 58 180 79 6 11 
147 57 142 58 144 57 184 88 7 11 
129 55 123 56 125 55 200 98 6 11 
108 53 102 54 105 53 117 81 6 12 
88 53 83 54 85 53 213 104 6 11 
76 52 71 53 73 52 218 111 5 10 
67 50 62 51 64 50 138 91 3 10 
59 51 54 53 56 52 218 75 9 13 
51 53 47 54 48 53 217 106 5 9 
44 52 40 53 42 52 199 100 4 9 
37 52 32 53 34 52 202 91 5 10 
30 52 27 54 28 53 217 90 6 9 
30 52 26 53 28 52 196 105 4 8 
40 51 36 52 37 51 211 105 5 9 
61 52 55 53 58 52 141 83 6 14 
85 55 79 56 82 55 208 102 6 12 
110 59 104 60 106 59 130 87 5 13 
125 63 120 64 122 63 209 109 6 11 
136 68 130 70 132 68 219 87 9 14 
143 72 137 73 140 72 177 92 4 12 
135 68 129 70 132 69 210 111 4 13 
114 61 107 63 110 62 213 89 11 17 
92 57 86 59 89 57 216 94 9 15 
77 56 70 57 73 56 211 100 5 14 
60 55 54 57 56 56 221 106 9 14 
49 54 44 56 46 54 223 89 8 13 
45 56 40 58 42 57 213 109 5 11 
54 57 48 58 51 57 221 114 4 12 
77 53 70 55 73 54 221 99 9 16 
103 55 96 57 99 56 208 89 12 19 
130 58 122 60 126 59 214 84 12 19 
159 55 152 56 155 55 212 106 6 13 
172 55 167 57 169 56 217 102 6 11 
177 56 173 57 174 56 199 113 3 9 
172 54 166 55 169 54 213 104 4 11 
159 53 153 54 156 53 214 109 6 12 
142 53 135 55 138 53 217 91 10 16 
123 53 116 54 119 53 211 105 7 14 
104 54 98 56 101 54 220 98 10 16 
85 59 79 60 82 59 191 125 3 13 
69 63 63 64 65 63 215 108 6 13 
73 62 68 64 70 63 223 104 8 14 
97 63 90 64 93 63 189 108 4 15 
125 61 118 62 121 61 215 117 6 16 
145 67 139 69 142 68 209 101 9 18 
153 75 146 77 149 76 222 100 7 16 
166 72 159 74 162 73 211 105 8 18 
178 65 172 67 175 66 216 85 12 17 
180 63 175 65 177 63 208 117 4 13 
179 61 173 63 176 61 214 99 8 16 
175 58 169 60 171 59 222 115 6 14 
171 59 165 61 168 59 216 104 8 17 
165 58 158 60 161 59 227 102 9 18 
158 56 151 58 154 57 224 132 4 15 
155 55 147 57 150 56 228 109 9 19 
154 54 146 57 150 55 226 111 10 20 
155 54 147 57 150 55 224 102 11 23 
155 54 147 57 151 55 226 114 9 21 
152 51 144 54 148 52 232 105 14 25 
146 51 137 53 141 52 231 110 10 25 
142 52 132 54 137 53 234 118 10 27 
138 52 127 54 132 53 235 121 9 29 
131 53 120 56 125 54 238 111 17 37 
123 51 111 54 117 52 240 113 18 41 
114 47 101 51 107 49 245 109 22 49 
105 49 91 53 98 50 244 107 27 55 
105 48 90 53 97 50 245 109 31 64 
105 48 89 52 97 50 245 110 35 68 
102 50 86 55 93 52 243 107 40 80 
94 50 77 56 85 53 246 106 44 89 
87 52 69 58 77 55 245 110 46 96 
79 55 61 62 69 58 251 108 56 111 
77 57 58 64 67 60 248 110 59 120 
75 61 55 69 64 65 250 105 74 134 
66 64 47 73 56 68 249 106 68 139 
51 68 32 78 41 73 248 106 80 158 
46 73 27 83 36 77 246 106 82 164 
46 75 26 85 35 79 246 107 91 177 
52 74 31 85 40 79 248 110 102 199 
5 107 1 118 2 113 30 22 43 43 
9 112 8 113 8 112 18 17 4 4 
110 71 82 84 95 77 253 112 151 316 
122 69 92 84 107 76 253 110 187 373 
119 75 89 89 104 81 254 112 176 363 
119 77 89 92 104 84 254 112 169 353 
119 78 90 92 104 84 254 113 168 349 
118 78 88 92 103 84 254 111 167 346 
116 76 87 90 101 82 253 111 154 319 
115 75 88 86 101 80 252 113 131 266 
115 73 90 84 102 78 252 111 114 234 
114 69 90 78 102 73 250 112 93 197 
115 66 92 75 103 70 251 106 93 178 
113 64 92 72 102 67 248 103 76 150 
112 62 91 69 101 65 248 106 75 132 
112 61 92 68 102 64 250 103 60 121 
111 62 92 68 101 65 247 106 56 104 
115 62 96 68 105 65 246 103 58 103 
118 61 100 67 109 64 245 110 50 101 
121 62 103 68 112 65 246 105 56 102 
127 63 108 69 117 66 249 106 61 105 
139 64 120 70 129 66 248 104 57 111 
147 65 128 73 137 68 247 107 57 118 
156 69 136 77 146 73 248 114 60 131 
168 72 149 81 158 76 250 111 73 153 
179 76 159 86 169 80 247 110 89 177 
183 79 163 91 173 84 248 105 104 206 
181 81 159 94 169 87 249 109 121 249 
168 81 140 95 154 87 250 111 167 340 
154 82 124 97 139 89 253 113 191 398 
141 82 110 98 125 90 255 113 203 419 
129 79 98 94 114 86 253 112 185 377 
119 74 91 87 105 80 254 113 144 306 
114 69 88 81 100 74 255 112 125 259 
114 63 90 73 101 68 247 103 101 194 
114 60 92 68 103 64 249 103 76 149 
114 61 94 67 103 64 247 111 59 114 
116 60 97 66 106 63 248 109 54 100 
125 61 108 66 116 63 246 114 42 85 
140 62 124 67 132 64 245 113 40 79 
150 65 135 70 142 67 238 106 36 72 
157 69 142 74 149 71 244 118 31 70 
162 69 146 74 154 71 245 112 35 75 
156 69 140 74 148 71 245 112 36 82 
143 68 126 73 134 70 244 118 39 90 
124 67 105 73 114 70 248 114 50 108 
103 67 84 74 93 70 247 111 56 117 
86 67 66 73 76 70 248 111 60 116 
72 68 54 75 63 71 247 111 58 115 
61 67 43 74 52 70 247 109 58 112 
57 65 39 72 48 68 248 102 57 110 
62 61 44 68 53 64 245 108 55 108 
83 60 63 67 72 63 247 111 59 119 
104 60 84 67 93 63 248 111 58 120 
119 61 100 68 109 64 247 108 60 123 
133 62 112 70 122 66 248 104 70 136 
142 64 122 72 132 67 244 105 74 144 
145 68 123 77 134 72 249 109 81 170 
141 71 117 81 129 75 250 111 95 192 
138 76 113 87 125 81 251 111 114 238 
139 79 111 91 125 85 252 112 145 295 
141 80 111 94 126 86 252 112 173 349 
143 80 112 96 127 87 254 113 193 406 
146 81 112 99 129 89 254 112 237 489 
150 79 114 99 132 89 254 113 282 589 
150 81 113 103 131 91 255 113 316 662 
152 83 113 106 132 94 255 113 355 745 
143 112 143 112 143 112 16 16 1 1 
154 86 111 115 132 100 255 113 467 992 
157 90 113 118 134 104 255 114 484 1051 
160 91 114 118 136 105 255 120 454 1078 
162 94 115 118 138 107 255 130 363 986 
164 97 116 118 140 108 255 136 311 906 
166 98 117 118 141 109 255 137 302 852 
167 99 118 118 143 109 255 137 288 807 
169 100 119 118 144 110 255 134 279 760 
170 101 121 118 146 110 255 130 264 694 
171 103 122 118 147 111 255 127 251 626 
172 104 122 118 148 112 255 121 247 578 
172 104 122 118 148 112 255 120 251 572 
172 103 122 118 148 111 255 120 264 610 
169 102 117 118 143 111 255 128 261 664 
164 99 114 118 139 110 255 138 284 809 
158 99 113 118 135 109 255 133 278 787 
152 97 111 118 131 108 255 118 320 734 
147 97 110 116 128 106 254 112 281 588 
142 98 109 114 125 105 253 111 218 451 
141 98 109 112 125 105 253 112 177 372 
139 100 109 113 124 106 252 112 159 324 
139 102 109 114 123 108 253 110 150 302 
139 98 109 111 124 104 250 112 156 324 
141 97 109 111 125 103 253 114 177 360 
144 96 110 112 127 103 254 112 214 437 
147 98 112 115 129 106 253 113 249 515 
154 99 116 118 135 108 255 114 299 644 
160 100 118 118 139 109 255 127 257 677 
165 101 121 118 143 110 254 136 231 659 
170 102 125 118 148 111 254 135 225 618 
172 104 126 118 149 112 255 132 208 560 
174 104 127 118 151 112 255 128 212 542 
173 102 125 118 149 111 255 130 244 633 
167 99 118 118 142 110 255 138 269 770 
156 93 109 118 132 106 255 126 405 1069 
149 85 105 116 127 100 255 113 499 1053 
147 81 107 105 127 92 255 112 371 782 
147 76 111 97 129 86 255 112 298 612 
145 71 111 89 128 80 253 113 234 492 
138 69 104 86 121 77 254 112 223 455 
123 72 90 88 106 80 255 113 210 442 
106 75 72 93 88 83 254 111 237 478 
15 102 1 118 5 112 49 30 141 141 
11 105 1 118 4 113 65 38 83 83 
8 110 1 118 3 115 52 29 42 42 
4 116 1 118 2 117 23 19 9 9 
4 117 1 118 2 117 23 19 5 5 
4 117 1 118 2 117 18 17 7 7 
108 88 66 116 86 101 255 111 435 900 
122 111 122 111 122 111 16 16 1 1 
153 83 118 104 136 93 254 113 283 593 
167 83 134 102 150 92 252 112 255 535 
171 84 138 105 154 94 253 110 273 552 
174 87 141 109 158 97 253 109 297 596 
177 88 144 112 160 99 253 109 326 660 
179 90 145 115 162 102 254 108 355 710 
186 118 186 118 186 118 17 17 1 1 
186 118 186 118 186 118 19 19 1 1 
186 117 186 118 186 117 22 19 2 2 
186 118 186 118 186 118 20 20 1 1 
186 118 186 118 186 118 19 19 1 1 
186 118 186 118 186 118 18 18 1 1 
186 118 186 118 186 118 16 16 1 1 
172 91 131 118 151 105 255 115 435 955 
170 90 128 118 148 104 255 115 460 1009 
167 88 124 118 145 102 255 113 503 1074 
161 88 118 117 139 102 255 112 501 1048 
154 84 110 114 132 98 255 113 501 1063 
144 81 99 111 122 95 255 114 502 1075 
136 78 90 111 113 94 255 112 545 1145 
132 78 86 113 108 96 255 110 598 1222 
133 80 86 117 109 98 255 110 608 1243 
132 82 84 118 107 100 255 109 639 1301 
121 118 121 118 121 118 16 16 1 1 
127 85 77 118 101 103 255 117 603 1348 
127 89 76 118 101 105 255 125 490 1269 
127 89 74 118 100 105 255 129 479 1302 
128 91 73 118 100 106 255 133 447 1248 
128 92 74 118 100 107 255 135 415 1185 
128 93 75 118 101 107 255 136 401 1147 
130 92 78 118 103 107 255 133 405 1157 
133 90 82 118 107 105 255 126 461 1203 
135 91 87 118 110 105 255 122 455 1130 
141 89 94 118 117 104 255 115 517 1136 
149 88 104 117 126 102 255 113 483 1024 
154 87 113 113 133 100 255 113 405 863 
158 86 119 109 138 97 255 113 350 740 
159 85 123 106 141 95 254 113 305 649 
161 82 126 103 143 92 254 112 296 612 
161 81 127 101 144 90 254 112 274 578 
161 79 127 99 143 88 255 112 272 566 
161 76 127 96 144 85 255 112 273 572 
161 73 127 94 144 83 254 110 286 586 
163 70 128 91 145 80 254 111 292 597 
