107 30 98 35 102 32 143 61 22 34 
107 31 98 36 102 33 146 64 21 32 
107 29 98 33 102 31 183 63 23 35 
107 28 98 33 102 30 148 61 23 34 
106 28 98 33 102 30 154 66 21 32 
106 30 98 35 102 32 142 62 22 36 
105 36 96 41 100 38 128 62 22 35 
101 37 92 41 96 39 184 62 24 35 
93 39 85 40 89 39 135 62 10 17 
86 42 79 43 82 42 113 62 8 16 
79 40 72 41 75 40 130 64 9 16 
79 37 71 38 75 37 72 48 16 16 
88 36 79 40 83 37 117 49 35 38 
95 35 86 40 90 37 164 63 26 38 
106 29 97 34 101 31 128 66 22 37 
112 23 102 28 106 25 139 66 21 37 
114 24 105 29 109 26 186 64 26 39 
115 23 106 28 110 25 147 65 24 36 
116 18 106 23 111 20 184 66 25 41 
114 12 105 17 109 14 165 69 22 40 
114 9 104 14 108 11 192 64 27 41 
113 13 104 18 108 15 129 67 27 44 
114 25 105 30 109 27 139 69 26 44 
113 28 103 33 108 30 133 67 23 38 
111 23 102 29 106 26 184 68 24 38 
109 21 99 26 104 23 149 61 30 42 
108 20 99 25 103 22 158 61 26 41 
106 19 96 24 101 21 154 62 27 41 
99 17 89 22 94 19 153 66 27 41 
90 20 82 21 86 20 147 64 12 18 
85 16 75 21 80 18 181 72 25 42 
83 18 74 23 78 20 187 64 30 46 
84 20 75 24 79 21 135 63 26 37 
87 24 79 25 83 24 163 78 8 16 
96 18 86 23 90 20 186 64 30 44 
106 12 96 17 101 14 141 68 24 43 
118 10 108 15 112 12 142 72 21 42 
125 17 115 23 120 19 170 72 23 44 
128 19 118 25 123 22 161 66 26 41 
128 19 118 25 123 21 199 67 29 44 
122 19 111 24 116 21 166 67 26 43 
113 20 103 26 108 23 166 67 28 44 
103 20 93 26 98 23 171 70 28 44 
99 21 89 26 94 23 175 70 28 43 
99 19 89 24 94 21 199 70 29 46 
98 21 88 26 93 23 128 69 27 50 
99 24 90 30 94 27 196 70 30 44 
101 23 91 28 96 25 205 70 29 46 
101 21 91 27 96 23 172 70 27 45 
102 24 92 29 97 26 175 72 28 45 
104 21 94 27 99 24 146 70 29 55 
104 10 94 16 99 12 156 73 28 48 
104 9 94 14 99 11 211 75 30 47 
102 6 92 12 97 8 154 72 30 51 
102 4 91 9 97 6 206 71 34 52 
102 1 91 6 96 2 186 80 24 46 
97 1 93 2 95 1 137 41 6 8 
103 1 94 4 98 2 211 69 15 23 
104 1 98 3 100 1 182 44 13 18 
101 1 93 2 96 1 87 23 15 16 
102 1 93 2 97 1 191 57 12 16 
99 6 97 7 98 6 37 25 5 5 
96 15 86 17 91 16 182 84 12 26 
89 20 79 22 83 20 189 83 14 24 
83 24 74 26 78 24 132 72 12 21 
77 19 68 21 72 20 172 65 18 26 
76 19 67 20 71 19 189 79 11 19 
83 23 74 24 78 23 93 61 13 19 
92 20 82 25 86 22 165 70 29 50 
105 23 94 28 99 25 163 67 31 47 
120 20 109 25 114 22 142 72 25 46 
133 11 122 17 127 14 163 73 27 45 
139 9 129 15 134 11 177 66 32 46 
142 12 132 18 137 15 188 68 29 43 
142 10 131 16 136 13 165 66 27 43 
134 12 123 17 129 14 178 69 27 42 
122 10 111 16 116 13 137 65 28 49 
106 9 94 14 100 11 158 64 28 47 
86 9 76 14 81 11 169 64 31 47 
71 9 62 10 66 9 125 69 9 18 
62 6 53 11 57 8 147 71 26 45 
59 12 50 17 54 14 146 67 27 47 
59 20 51 22 55 20 136 72 12 19 
74 29 65 30 69 29 143 69 11 19 
95 24 84 30 89 27 152 67 28 47 
115 20 104 26 109 23 175 67 29 45 
122 16 112 22 116 18 142 68 25 45 
126 12 115 17 120 14 173 71 24 38 
134 10 124 15 129 12 181 67 26 41 
142 6 132 11 137 8 166 69 21 39 
148 4 139 10 143 7 165 73 22 34 
148 5 138 11 143 8 156 65 24 38 
137 3 126 9 131 5 152 70 26 43 
108 5 97 11 102 7 158 66 29 46 
78 8 67 13 72 10 177 61 34 50 
51 10 42 12 46 11 170 66 13 20 
35 6 28 8 31 6 152 69 12 20 
35 5 27 7 31 6 145 70 13 20 
57 6 45 12 51 9 128 63 34 56 
103 13 88 18 95 15 126 65 31 54 
140 9 126 15 133 12 144 61 35 53 
171 1 163 4 167 2 143 63 11 18 
49 40 46 42 47 41 144 34 8 10 
61 38 57 40 59 39 188 41 10 13 
74 36 71 38 72 37 163 55 6 9 
74 37 71 38 72 37 90 55 5 7 
106 95 104 96 105 95 41 17 5 5 
104 100 103 101 103 100 88 48 3 4 
101 105 99 106 99 105 110 51 3 5 
99 107 98 109 98 108 191 58 4 5 
100 108 99 109 99 108 153 79 3 4 
97 108 96 109 96 108 107 77 3 4 
93 109 92 110 92 109 139 82 3 4 
88 111 86 112 87 111 181 95 2 5 
82 113 80 114 81 113 167 75 3 6 
76 114 74 116 75 115 209 46 7 9 
72 115 70 116 71 115 136 41 5 6 
75 114 73 116 74 115 187 58 5 7 
88 112 85 113 86 112 181 91 4 7 
104 111 100 112 102 111 208 92 5 8 
118 111 116 112 117 111 135 68 4 5 
123 116 121 117 122 116 90 27 5 6 
80 63 77 65 78 64 134 63 6 8 
68 66 65 67 66 66 112 65 5 7 
57 64 54 66 55 64 145 48 7 10 
45 62 42 63 43 62 112 59 5 7 
80 115 78 117 79 116 55 13 5 5 
23 58 21 59 22 58 107 61 5 6 
27 57 23 59 25 58 157 34 12 15 
40 57 37 58 38 57 143 61 4 7 
48 54 45 56 46 55 210 52 7 10 
55 53 52 54 53 53 134 80 3 6 
68 42 65 44 66 42 146 41 9 11 
68 39 66 40 67 39 109 67 4 6 
74 40 71 42 72 41 199 54 8 11 
83 43 80 44 81 43 142 79 3 6 
85 44 83 45 84 44 107 76 3 6 
76 45 72 47 73 46 149 52 7 10 
57 51 53 52 55 51 121 74 5 8 
114 113 113 115 113 114 34 10 6 6 
105 117 103 118 103 117 173 77 4 5 
22 56 20 57 21 56 128 73 4 5 
22 54 20 55 20 54 145 83 3 5 
23 54 20 55 21 54 114 58 5 7 
100 117 99 119 99 118 195 98 2 6 
102 116 100 117 100 116 222 100 2 5 
103 114 102 116 102 115 190 45 5 6 
103 113 101 115 102 114 69 8 9 9 
28 56 25 58 26 57 192 43 9 11 