105 34 103 36 104 35 155 31 8 9 
105 34 103 36 104 35 154 32 8 9 
105 34 103 36 104 35 155 32 8 9 
105 34 103 36 104 35 156 32 8 9 
105 34 103 36 104 35 156 32 8 9 
105 34 103 36 104 35 157 32 8 9 
105 34 103 36 104 35 155 32 8 9 
105 34 103 36 104 35 154 32 8 9 
105 35 103 37 104 36 149 30 8 9 
105 38 103 40 103 39 101 29 6 7 
105 45 103 47 103 45 90 35 5 6 
105 54 103 56 104 55 100 23 7 9 
104 58 102 60 103 59 116 24 8 9 
104 60 102 62 103 61 110 23 8 9 
104 60 102 62 102 61 108 30 6 7 
104 58 102 60 102 59 102 28 6 8 
104 57 101 59 102 58 138 33 6 8 
101 57 98 59 99 58 103 25 7 8 
100 58 98 59 99 58 51 25 6 6 
98 59 97 60 97 59 52 37 4 4 
97 64 96 66 96 65 99 35 4 6 
97 69 95 70 96 69 63 30 6 6 
96 70 94 72 95 70 87 22 7 8 
97 72 96 73 96 72 64 45 4 4 
99 69 96 71 97 69 122 32 7 8 
100 66 99 67 99 66 85 52 3 4 
104 63 101 65 102 64 155 36 7 9 
107 62 105 64 106 63 147 34 7 9 
108 62 106 64 107 63 168 39 7 9 
108 62 106 64 107 63 141 34 7 9 
107 61 105 63 106 62 129 33 7 9 
108 56 106 57 106 56 99 58 4 5 
108 52 106 54 107 53 186 44 7 9 
106 53 104 55 104 54 118 36 6 8 
104 55 101 57 102 55 115 35 7 9 
100 59 98 60 99 59 106 48 5 6 
95 61 93 63 94 62 144 39 6 9 
90 64 87 65 88 64 101 48 4 6 
87 64 85 66 86 65 163 55 4 7 
85 60 83 61 84 60 79 49 6 6 
86 59 84 60 85 59 97 58 5 6 
92 58 89 60 90 59 175 40 10 12 
98 63 95 65 96 64 155 55 5 8 
103 66 100 67 101 66 101 60 4 6 
103 64 101 65 102 64 119 60 3 6 
101 64 98 65 99 64 149 69 5 7 
97 58 94 59 95 58 115 67 4 6 
96 56 93 58 94 56 149 47 8 10 
94 58 91 59 92 58 141 66 5 7 
93 63 90 64 91 63 138 81 4 8 
95 67 92 68 93 67 70 44 7 7 
94 67 91 68 92 67 140 77 4 7 
94 67 91 68 92 67 185 70 5 7 
96 63 92 65 93 63 183 69 7 10 
97 60 93 61 95 60 143 80 5 8 
100 58 96 59 98 58 174 91 5 8 
104 56 100 57 102 56 129 70 6 10 
106 52 102 53 103 52 183 100 4 9 
107 49 103 51 105 50 214 85 6 10 
109 53 105 54 107 53 188 99 5 9 
112 57 107 59 109 57 210 87 8 12 
112 61 108 63 110 62 215 89 7 11 
113 63 109 64 111 63 204 114 3 10 
114 64 109 65 111 64 218 111 6 10 
114 63 110 64 112 63 201 116 3 10 
117 64 112 65 114 64 174 100 4 12 
120 68 114 70 116 68 219 98 8 13 
120 69 114 71 117 69 223 90 10 15 
119 68 114 70 116 69 217 99 6 15 
117 64 111 66 114 64 207 112 7 17 
117 60 111 62 114 61 225 94 12 17 
115 55 108 57 111 56 220 98 10 19 
115 54 108 56 111 55 228 98 13 19 
116 54 108 55 112 54 218 129 4 16 
115 53 107 55 111 54 224 106 9 20 
116 55 108 58 111 56 219 109 12 28 
118 62 110 64 114 63 224 117 8 23 
123 63 114 65 118 63 216 122 11 23 
125 64 115 66 119 65 234 102 15 27 
123 64 112 67 117 65 226 98 17 32 
123 69 112 72 117 70 233 111 16 33 
122 70 110 73 115 71 236 110 17 36 
122 72 110 75 116 73 237 107 17 40 
125 71 112 75 118 73 237 103 23 48 
128 69 114 73 121 71 239 117 25 52 
128 67 113 71 120 69 242 107 31 62 
129 67 113 72 121 69 245 107 38 74 
132 70 115 76 123 73 243 110 41 83 
136 69 118 75 127 72 245 110 46 97 
140 68 121 75 130 71 245 108 58 114 
138 69 118 77 127 73 249 108 67 133 
134 69 112 77 122 73 248 110 76 153 
130 69 106 79 117 74 250 111 94 183 
126 70 101 80 113 75 252 110 106 218 
124 72 97 84 110 77 253 110 125 258 
124 75 95 88 109 81 254 112 151 305 
125 79 95 93 109 86 253 111 177 367 
125 83 93 101 108 92 253 109 220 443 
127 84 91 105 108 94 254 108 293 585 
130 87 92 110 110 98 255 109 347 697 
140 91 96 118 118 104 255 112 469 977 
143 91 97 118 120 105 255 116 487 1068 
145 90 97 118 121 104 255 120 514 1198 
149 93 99 118 123 107 255 130 390 1092 
151 95 100 118 125 107 255 135 370 1062 
152 96 100 118 126 108 255 139 340 991 
153 97 100 118 126 109 255 139 335 956 
155 99 100 118 127 109 255 136 329 902 
156 99 100 118 128 110 255 133 336 891 
158 101 102 118 130 110 255 130 309 801 
160 102 103 118 132 111 255 126 305 757 
161 103 105 118 133 111 254 122 298 704 
162 104 106 118 134 112 255 118 285 647 
163 105 108 118 136 112 255 112 267 571 
164 106 109 118 136 113 254 109 260 538 
164 106 110 118 137 113 255 105 255 508 
164 107 111 118 138 113 255 102 247 475 
164 107 112 118 138 113 255 99 233 446 
165 107 112 118 139 113 254 99 241 458 
165 107 113 118 139 113 255 97 239 453 
165 107 114 118 140 113 255 96 236 442 
165 108 114 118 140 113 251 94 230 422 
166 107 114 118 141 113 252 94 238 437 
166 107 115 118 141 113 252 94 243 448 
165 108 116 118 140 113 210 84 237 400 
104 66 102 67 103 66 148 60 4 6 
103 63 102 64 102 63 69 60 4 4 
104 61 101 63 102 62 125 33 8 10 
103 59 101 61 101 60 186 53 5 8 
101 56 98 58 99 57 166 41 8 10 
99 53 97 54 97 53 95 57 3 5 
98 53 95 54 96 53 111 53 4 6 
98 53 96 55 97 54 148 41 6 9 
99 52 96 54 97 53 160 41 8 10 
99 52 96 54 97 52 147 36 9 11 
99 52 97 53 98 52 105 54 5 6 
99 52 97 53 98 52 80 57 6 6 
99 56 97 57 98 56 110 63 5 6 
101 61 99 62 100 61 134 69 3 6 
103 65 100 66 101 65 166 67 5 7 
104 69 101 70 102 69 107 55 6 8 
105 69 102 71 103 69 145 38 9 11 
107 68 104 69 105 68 115 61 5 7 
108 63 105 64 106 63 174 75 4 7 
109 56 106 57 107 56 128 65 4 7 
113 52 110 54 111 53 171 67 5 8 
112 52 109 53 110 52 112 74 4 7 
109 49 106 50 107 49 114 67 4 8 
107 49 104 50 105 49 162 80 5 7 
104 49 100 50 102 49 174 75 5 8 
103 50 99 51 101 50 181 80 5 8 
101 53 98 54 99 53 185 85 5 8 
101 56 98 57 99 56 136 80 5 8 
103 59 99 60 101 59 196 87 5 8 
104 63 101 64 102 63 133 80 4 8 
103 66 99 67 101 66 185 85 5 8 
102 68 98 69 100 68 181 85 5 8 
100 67 96 69 98 68 215 80 6 10 
101 66 97 67 99 66 164 75 5 8 
102 65 98 66 100 65 218 105 5 8 
101 61 97 63 99 62 218 86 6 10 
99 58 95 60 96 59 209 79 8 12 
98 55 94 56 96 55 124 83 4 10 
96 59 92 61 94 59 194 120 3 10 
94 64 89 66 91 64 218 95 5 12 
97 69 92 71 94 70 209 83 11 15 
99 74 94 75 96 74 218 107 5 11 
100 69 94 70 97 69 203 100 4 12 
99 69 93 70 96 69 226 110 5 12 
100 63 95 64 97 63 225 129 4 12 
100 60 94 62 97 61 228 95 10 15 
102 59 96 61 99 60 210 104 9 17 
101 53 95 55 98 54 230 96 11 17 
101 53 94 55 97 54 213 101 8 17 
101 60 94 62 97 61 210 106 10 20 
101 65 94 67 97 65 232 108 8 19 
102 66 94 69 98 67 194 84 14 24 
101 74 93 76 97 74 220 117 10 21 
103 72 94 74 98 73 221 117 8 26 
105 73 95 76 100 74 229 102 14 27 
110 70 100 73 105 71 235 105 18 32 
113 69 102 72 107 70 236 104 19 35 
114 64 103 67 108 65 237 105 21 37 
113 63 100 67 106 65 242 109 19 41 
113 66 100 70 106 67 236 95 24 47 
111 65 97 68 104 66 242 100 26 49 
112 67 97 71 104 68 245 104 31 61 
115 73 99 78 107 75 246 109 38 73 
123 73 106 79 114 75 245 110 40 80 
129 80 112 85 120 82 242 111 40 83 
134 83 116 89 125 85 247 112 45 91 
138 76 119 83 128 79 251 110 62 120 
139 76 118 84 128 79 250 111 67 136 
141 74 118 83 129 78 250 110 86 165 
143 71 119 81 131 75 253 108 110 212 
145 72 118 84 131 78 254 109 135 263 
147 79 119 93 133 86 253 109 165 322 
152 83 121 99 136 90 255 109 208 415 
157 82 123 101 140 91 255 110 279 555 
159 84 123 106 141 94 255 111 338 684 
163 85 124 111 143 98 255 110 408 828 
164 88 124 115 143 101 255 110 435 886 
162 88 121 115 141 101 255 111 452 930 
160 88 119 116 139 102 255 111 470 952 
159 89 118 116 138 102 255 111 452 929 
157 89 116 115 136 102 255 111 439 904 
156 89 115 115 135 101 255 111 441 896 
153 88 112 113 132 100 255 111 422 857 
140 81 103 103 122 92 255 110 325 645 
130 79 96 97 113 87 255 109 243 481 
125 79 96 93 110 85 254 110 172 344 
125 77 99 88 112 82 254 110 129 256 
122 77 99 86 110 81 254 109 95 188 
120 76 97 84 108 79 248 108 82 156 
116 74 96 81 106 77 249 109 66 127 
115 71 97 77 106 74 248 111 48 100 
113 69 95 75 104 72 245 106 47 90 
109 69 93 74 101 71 246 112 37 70 
107 68 92 72 99 70 246 112 31 62 
104 66 89 70 96 67 221 96 27 56 
103 63 89 67 95 65 243 104 26 53 
104 66 102 67 103 66 148 60 4 6 
103 63 102 64 102 63 69 60 4 4 
104 61 101 63 102 62 125 33 8 10 
103 59 101 61 101 60 186 53 5 8 
101 56 98 58 99 57 166 41 8 10 
99 53 97 54 97 53 95 57 3 5 
98 53 95 54 96 53 111 53 4 6 
98 53 96 55 97 54 148 41 6 9 
99 52 96 54 97 53 160 41 8 10 
99 52 96 54 97 52 147 36 9 11 
99 52 97 53 98 52 105 54 5 6 
99 52 97 53 98 52 80 57 6 6 
99 56 97 57 98 56 110 63 5 6 
101 61 99 62 100 61 134 69 3 6 
103 65 100 66 101 65 166 67 5 7 
104 69 101 70 102 69 107 55 6 8 
105 69 102 71 103 69 145 38 9 11 
107 68 104 69 105 68 115 61 5 7 
108 63 105 64 106 63 174 75 4 7 
109 56 106 57 107 56 128 65 4 7 
113 52 110 54 111 53 171 67 5 8 
112 52 109 53 110 52 112 74 4 7 
109 49 106 50 107 49 114 67 4 8 
107 49 104 50 105 49 162 80 5 7 
104 49 100 50 102 49 174 75 5 8 
103 50 99 51 101 50 181 80 5 8 
101 53 98 54 99 53 185 85 5 8 
101 56 98 57 99 56 136 80 5 8 
103 59 99 60 101 59 196 87 5 8 
104 63 101 64 102 63 133 80 4 8 
103 66 99 67 101 66 185 85 5 8 
102 68 98 69 100 68 181 85 5 8 
100 67 96 69 98 68 215 80 6 10 
101 66 97 67 99 66 164 75 5 8 
102 65 98 66 100 65 218 105 5 8 
101 61 97 63 99 62 218 86 6 10 
99 58 95 60 96 59 209 79 8 12 
98 55 94 56 96 55 124 83 4 10 
96 59 92 61 94 59 194 120 3 10 
94 64 89 66 91 64 218 95 5 12 
97 69 92 71 94 70 209 83 11 15 
99 74 94 75 96 74 218 107 5 11 
100 69 94 70 97 69 203 100 4 12 
99 69 93 70 96 69 226 110 5 12 
100 63 95 64 97 63 225 129 4 12 
100 60 94 62 97 61 228 95 10 15 
102 59 96 61 99 60 210 104 9 17 
101 53 95 55 98 54 230 96 11 17 
101 53 94 55 97 54 213 101 8 17 
101 60 94 62 97 61 210 106 10 20 
101 65 94 67 97 65 232 108 8 19 
102 66 94 69 98 67 194 84 14 24 
101 74 93 76 97 74 220 117 10 21 
103 72 94 74 98 73 221 117 8 26 
105 73 95 76 100 74 229 102 14 27 
110 70 100 73 105 71 235 105 18 32 
113 69 102 72 107 70 236 104 19 35 
114 64 103 67 108 65 237 105 21 37 
113 63 100 67 106 65 242 109 19 41 
113 66 100 70 106 67 236 95 24 47 
111 65 97 68 104 66 242 100 26 49 
112 67 97 71 104 68 245 104 31 61 
115 73 99 78 107 75 246 109 38 73 
123 73 106 79 114 75 245 110 40 80 
129 80 112 85 120 82 242 111 40 83 
134 83 116 89 125 85 247 112 45 91 
138 76 119 83 128 79 251 110 62 120 
139 76 118 84 128 79 250 111 67 136 
141 74 118 83 129 78 250 110 86 165 
143 71 119 81 131 75 253 108 110 212 
145 72 118 84 131 78 254 109 135 263 
147 79 119 93 133 86 253 109 165 322 
152 83 121 99 136 90 255 109 208 415 
157 82 123 101 140 91 255 110 279 555 
159 84 123 106 141 94 255 111 338 684 
163 85 124 111 143 98 255 110 408 828 
164 88 124 115 143 101 255 110 435 886 
159 116 159 116 159 116 16 16 1 1 
162 88 121 115 141 101 255 111 452 930 
160 88 119 116 139 102 255 111 470 952 
159 89 118 116 138 102 255 111 452 929 
157 89 116 115 136 102 255 111 439 904 
156 89 115 115 135 101 255 111 441 896 
153 88 112 113 132 100 255 111 422 857 
135 112 135 112 135 112 16 16 1 1 
140 81 103 103 122 92 255 110 325 645 
130 79 96 97 113 87 255 109 243 481 
125 79 96 93 110 85 254 110 172 344 
125 77 99 88 112 82 254 110 129 256 
122 77 99 86 110 81 254 109 95 188 
120 76 97 84 108 79 248 108 82 156 
116 74 96 81 106 77 249 109 66 127 
115 71 97 77 106 74 248 111 48 100 
113 69 95 75 104 72 245 106 47 90 
109 69 93 74 101 71 246 112 37 70 
107 68 92 72 99 70 246 112 31 62 
104 66 89 70 96 67 221 96 27 56 
103 63 89 67 95 65 243 104 26 53 
99 64 96 66 97 65 212 53 8 11 
99 63 96 64 97 63 129 62 5 7 
99 61 96 62 97 61 129 60 4 7 
99 59 96 61 97 59 178 56 6 9 
98 56 96 57 97 56 132 79 3 6 
98 52 96 53 97 52 131 76 3 6 
98 48 95 50 96 48 192 50 9 11 
98 44 95 45 96 44 127 69 5 7 
97 42 94 44 95 43 198 61 6 9 
97 44 94 45 95 44 122 64 5 7 
97 46 94 47 95 46 91 55 4 8 
97 48 94 49 95 48 120 60 5 7 
97 50 94 51 95 50 171 71 5 7 
96 53 94 54 95 53 111 88 2 6 
96 59 94 60 95 59 165 79 3 6 
97 63 94 65 95 64 211 50 10 12 
97 63 94 65 95 64 215 68 6 9 
99 64 96 66 97 64 143 56 5 8 
100 63 98 64 99 63 119 78 3 6 
100 59 97 61 98 60 200 58 7 10 
100 57 98 58 99 57 109 75 4 6 
100 55 97 56 98 55 151 63 6 8 
103 54 100 56 101 54 197 55 8 11 
110 55 106 57 107 56 215 54 10 13 
116 55 113 56 114 55 161 68 5 8 
123 54 120 55 121 54 97 61 6 8 
130 54 126 55 128 54 155 67 5 8 
134 53 131 55 132 53 176 70 5 8 
137 54 134 55 135 54 155 77 4 7 
140 53 136 55 138 53 189 61 7 10 
140 52 137 53 138 52 180 70 5 8 
140 52 137 53 138 52 134 73 5 7 
138 52 135 53 136 52 166 71 5 8 
135 52 132 53 133 52 121 73 4 7 
132 52 129 53 130 52 150 79 4 7 
126 51 122 53 124 52 218 65 8 12 
119 52 115 53 117 52 189 74 6 9 
115 52 112 53 113 52 110 68 4 8 
111 52 108 54 109 53 215 91 4 8 
103 52 99 54 101 53 215 71 7 11 
92 51 88 52 90 51 186 86 4 8 
82 50 79 51 80 50 107 66 5 8 
81 49 78 51 79 49 212 61 8 11 
84 48 80 50 82 49 216 64 8 11 
88 49 85 51 86 50 216 64 7 11 
91 50 88 51 89 50 100 62 5 8 
94 49 92 50 93 49 98 81 3 6 
97 50 94 51 95 50 190 75 6 8 
98 53 95 54 96 53 120 68 4 7 
99 54 96 56 97 55 216 64 7 10 
96 55 93 57 94 56 208 67 6 9 
89 56 86 57 87 56 117 58 6 8 
80 56 77 58 78 57 202 63 6 10 
71 57 68 58 69 57 98 61 5 7 
62 57 59 59 60 58 197 61 6 10 
53 58 50 59 51 58 81 56 5 7 
44 57 41 59 42 58 200 55 7 11 
38 57 35 59 36 58 206 45 9 12 
33 57 31 58 32 57 186 80 3 6 
33 56 30 58 31 56 199 44 9 11 
36 56 34 57 35 56 162 83 2 5 
41 56 39 57 39 56 173 93 2 5 
50 55 46 56 48 55 144 59 5 8 
61 56 58 57 59 56 111 63 5 7 
77 57 73 58 75 57 133 65 5 8 
89 57 86 58 87 57 110 64 5 7 
100 57 97 58 98 57 92 63 5 7 
107 57 104 59 105 58 212 56 9 12 
115 58 112 59 113 58 128 62 6 8 
124 58 121 59 122 58 93 58 6 8 
134 58 131 59 132 58 93 57 7 8 
143 58 140 59 141 58 106 65 5 7 
153 58 150 59 151 58 104 54 6 8 
162 58 158 60 160 59 166 45 8 11 
167 58 164 60 165 59 208 61 6 9 
167 59 165 60 166 59 123 76 2 5 
166 59 163 61 164 59 152 44 8 10 
162 59 160 60 161 59 94 65 4 6 
154 58 151 59 152 58 92 62 5 7 
143 56 139 58 140 57 206 48 11 14 
130 55 126 56 128 55 102 59 6 8 
118 56 114 57 116 56 137 67 5 8 
107 56 104 57 105 56 98 59 6 8 
100 56 97 58 98 57 212 66 7 10 
96 57 93 58 94 57 96 59 5 8 
95 58 92 60 93 59 211 71 6 9 
94 58 91 60 92 59 210 53 9 12 
94 56 91 57 92 56 142 75 5 7 
99 55 95 57 96 55 176 66 6 9 
104 54 101 55 102 54 94 64 5 8 
115 54 111 55 112 54 118 63 6 9 
129 53 124 55 126 53 203 61 9 13 
143 52 138 54 140 53 208 69 8 12 
153 51 149 53 151 52 211 62 8 11 
152 52 149 53 150 52 127 75 5 7 
146 51 143 53 144 52 209 67 7 10 
138 49 134 51 135 50 215 62 8 12 
127 49 123 51 124 49 215 69 8 12 
116 49 112 51 113 50 212 82 6 10 
106 50 103 51 104 50 108 73 4 8 
97 51 94 52 95 51 113 78 5 8 
90 53 87 54 88 53 199 99 3 7 
86 52 82 54 84 52 210 75 7 10 
83 52 79 54 80 53 212 71 8 11 
78 54 75 55 76 54 138 79 5 8 
77 54 73 55 75 54 109 79 2 8 
77 53 73 54 75 53 134 78 4 9 
84 52 79 53 81 52 160 78 6 10 
95 50 91 51 93 50 209 101 5 9 
108 49 104 50 106 49 168 85 5 10 
120 50 116 51 118 50 145 83 5 10 
129 52 124 54 126 52 219 85 7 11 
134 52 129 53 131 52 216 101 5 9 
137 51 132 53 134 52 219 86 7 11 
138 50 133 51 135 50 203 99 5 10 
133 48 128 49 130 48 177 85 5 11 
124 48 120 49 122 48 196 104 3 10 
115 45 110 47 112 46 218 90 8 12 
106 45 101 46 103 45 138 91 3 11 
100 47 95 48 97 47 161 88 5 12 
95 48 90 49 92 48 213 114 5 10 
89 50 84 52 86 51 223 84 10 14 
84 51 78 52 81 51 214 101 6 12 
77 55 72 56 74 55 203 122 5 12 
71 57 66 58 68 57 218 114 3 11 
71 57 66 58 68 57 218 113 4 11 
75 59 69 61 72 60 224 89 10 15 
81 58 76 60 78 59 226 96 9 14 
88 58 82 59 85 58 194 111 5 13 
94 58 88 60 90 58 228 94 11 16 
101 59 95 60 98 59 210 117 4 14 
109 59 102 61 105 59 218 98 8 17 
115 58 109 60 112 59 227 101 8 17 
123 58 115 59 119 58 210 117 6 16 
129 56 122 58 125 56 213 122 6 17 
137 53 130 55 133 53 228 101 9 19 
146 53 139 55 142 53 225 104 9 19 
149 55 142 57 145 56 234 100 11 20 
148 54 141 57 144 55 224 116 8 18 
147 55 140 57 143 55 222 102 10 21 
142 53 133 55 137 54 229 101 10 22 
132 53 124 56 128 54 224 111 10 23 
125 53 116 55 120 54 234 106 13 24 
118 50 109 52 113 51 230 105 10 26 
112 49 103 51 107 50 237 108 11 26 
108 51 98 53 102 52 236 107 15 28 
103 52 93 54 98 53 235 120 11 29 
102 55 92 58 97 56 235 109 19 34 
103 57 91 60 97 58 238 111 15 36 
107 58 95 61 101 59 236 107 23 40 
115 58 103 61 108 59 239 112 24 41 
123 55 111 58 117 56 242 113 23 44 
131 56 118 59 124 57 240 111 21 47 
137 56 124 59 130 57 245 120 23 47 
144 56 130 60 137 58 244 112 28 54 
151 55 137 60 144 57 240 110 29 58 
156 56 142 61 149 58 240 110 30 60 
156 58 142 63 148 60 243 110 32 65 
155 59 140 65 147 61 245 112 34 70 
156 59 140 65 147 62 243 111 39 79 
155 60 139 66 147 62 245 110 43 88 
154 60 137 67 145 63 246 109 49 99 
154 61 135 68 144 64 247 105 58 110 
153 63 134 70 143 66 249 103 66 120 
152 64 132 72 142 67 249 104 71 134 
151 66 130 74 141 69 249 105 75 149 
152 67 130 76 140 71 250 109 87 170 
153 69 130 79 141 73 250 109 96 189 
152 69 128 80 140 74 251 109 107 216 
150 69 125 80 137 74 252 111 120 245 
151 70 124 83 137 76 250 110 137 280 
153 70 124 84 138 77 253 110 168 336 
153 71 123 86 138 78 253 111 184 372 
155 73 124 89 139 81 253 111 203 411 
156 74 124 92 140 82 254 111 227 464 
155 76 122 95 138 85 255 111 253 517 
156 77 121 97 138 86 255 111 286 588 
156 79 121 101 138 90 255 112 315 645 
157 82 119 105 138 93 255 112 361 745 
158 83 118 109 138 96 255 111 423 868 
161 86 118 118 139 101 255 111 530 1081 
162 86 117 118 139 102 255 111 573 1179 
163 87 117 118 140 103 255 115 555 1206 
163 89 117 118 140 104 255 120 511 1201 
163 91 116 118 139 105 255 125 450 1153 
164 91 117 118 140 106 255 128 429 1131 
166 92 117 118 141 106 255 131 413 1115 
166 93 117 118 141 107 255 133 406 1101 
167 94 117 118 141 107 255 135 386 1072 
166 94 116 118 141 107 255 136 372 1040 
167 96 115 118 141 108 255 134 363 983 
167 97 114 118 141 109 255 132 350 934 
168 99 115 118 142 110 255 129 334 846 
169 101 116 118 143 110 255 122 318 744 
171 103 120 118 146 112 255 112 291 606 
186 12 185 14 185 12 33 23 5 5 
186 13 185 14 185 13 38 25 4 4 
160 4 152 7 155 5 171 63 19 28 
163 3 156 7 159 5 121 59 19 28 
170 1 163 4 166 2 100 57 25 28 
98 53 96 55 97 54 100 21 8 9 
99 52 98 53 98 52 42 33 4 4 
99 51 98 53 98 52 61 23 6 6 
99 50 98 52 98 51 95 31 5 6 
99 50 98 52 98 51 61 23 6 6 
99 49 98 51 98 50 78 26 6 6 
99 48 97 50 98 49 104 26 6 8 
99 47 98 48 98 47 40 33 4 4 
99 47 98 49 98 48 82 27 5 6 
100 47 97 49 98 48 108 22 8 9 
99 47 98 49 98 48 62 24 6 6 
99 47 98 49 98 48 82 27 5 6 
98 47 97 49 97 48 76 27 6 6 
97 48 95 50 96 49 104 21 8 9 
93 49 92 51 92 50 66 23 6 6 
89 49 87 51 88 50 68 24 6 6 
85 50 82 52 83 51 112 22 8 10 
80 50 78 52 79 51 74 21 7 7 
75 51 72 53 73 52 143 34 6 8 
71 51 69 53 69 52 70 21 7 7 
67 52 66 54 66 53 135 61 2 4 
66 53 65 55 65 54 72 24 6 6 
69 53 67 55 68 54 121 25 8 9 
73 53 71 55 72 54 98 21 8 9 
80 53 78 55 78 53 63 18 7 7 
87 52 86 53 86 52 55 36 4 4 
94 50 93 51 93 50 49 32 4 4 
101 49 100 50 100 49 34 31 4 4 
108 48 106 50 106 49 100 26 7 8 
115 47 113 49 114 48 75 20 8 8 
122 47 119 49 120 47 101 22 8 9 
127 46 124 48 125 47 114 28 7 8 
131 46 130 47 130 46 51 35 4 4 
132 45 130 47 131 46 111 29 6 7 
131 46 130 46 130 46 117 116 0 2 
130 45 129 45 129 45 128 115 0 2 
127 43 125 45 126 43 95 23 7 8 
123 43 122 45 122 44 99 30 5 6 
120 43 119 43 119 43 131 121 0 2 
119 41 116 43 117 41 130 30 7 8 
115 40 114 42 114 41 69 26 6 6 
112 38 111 40 111 39 86 29 5 6 
110 38 108 39 109 38 71 26 6 6 
108 36 107 38 107 37 72 29 6 6 
107 34 105 36 105 35 80 24 7 7 
105 34 103 36 104 35 151 42 5 7 
103 34 101 36 102 35 89 22 7 8 
103 36 100 38 101 36 107 27 7 8 
103 39 101 41 102 40 140 30 8 9 
105 41 104 43 104 42 105 37 4 6 
108 43 106 45 107 44 152 43 5 7 
111 44 109 46 110 45 162 34 7 9 
114 45 113 46 113 45 44 37 4 4 
117 45 114 47 115 46 170 34 7 9 
118 45 115 47 116 46 175 32 9 10 
117 45 116 47 116 46 138 47 4 6 
117 44 116 46 116 45 81 32 5 6 
118 43 115 45 116 44 171 32 9 10 
121 43 119 45 120 44 138 34 7 9 
129 44 126 46 127 44 135 28 9 10 
133 45 132 46 132 45 67 48 4 4 
135 45 133 47 134 46 132 29 8 9 
133 47 131 48 132 47 97 38 5 6 
129 45 127 47 127 45 119 34 6 8 
125 45 123 46 123 45 74 43 5 5 
120 43 118 45 119 44 156 36 7 9 
114 43 113 44 113 43 63 47 4 4 
110 44 108 45 109 44 80 42 5 5 
104 42 101 44 102 42 132 32 7 10 
96 42 94 44 94 43 171 55 4 7 
92 42 90 44 90 43 192 57 4 7 
89 42 87 44 88 43 179 43 7 9 
86 44 84 45 85 44 105 58 4 5 
82 48 81 49 81 48 96 63 2 4 
83 53 81 54 82 53 110 64 4 6 
85 58 83 59 84 58 119 71 3 5 
90 60 87 62 88 61 122 28 10 12 
102 56 98 58 100 57 139 38 8 11 
119 52 116 53 117 52 96 59 5 6 
129 49 127 50 128 49 117 54 5 6 
132 48 130 50 130 49 165 47 6 8 
132 50 131 51 131 50 68 63 4 4 
133 50 131 52 131 50 149 44 6 8 
131 53 129 54 130 53 86 50 5 6 
130 51 127 53 128 51 175 39 9 11 
127 54 124 55 125 54 100 57 5 7 
124 54 121 55 122 54 96 62 4 6 
120 51 118 52 119 51 78 56 6 6 
114 54 112 55 113 54 115 71 4 6 
110 53 107 54 108 53 135 61 5 7 
106 57 104 58 105 57 139 75 3 6 
105 57 102 59 103 58 181 66 5 8 
101 58 97 60 99 59 213 63 8 11 
89 58 85 59 87 58 108 54 6 9 
79 60 76 61 77 60 156 82 4 7 
80 56 76 57 78 56 133 90 4 8 
93 52 89 53 90 52 109 63 6 9 
107 55 104 56 105 55 188 95 4 7 
119 54 115 56 117 55 212 70 7 11 
130 54 126 56 128 55 208 76 6 10 
138 57 135 58 136 57 197 96 4 7 
140 55 136 57 138 56 218 69 8 11 
140 57 137 58 138 57 109 76 3 8 
141 57 137 59 139 58 213 69 8 11 
143 55 139 57 141 56 210 70 8 11 
140 54 136 55 138 54 142 81 4 9 
133 53 129 55 131 54 220 93 5 9 
131 52 127 53 129 52 202 99 5 8 
130 52 126 53 128 52 219 105 4 8 
130 51 125 52 127 51 204 87 6 10 
127 52 123 53 125 52 127 83 4 10 
126 53 122 55 124 54 220 91 6 10 
126 53 122 54 123 53 140 92 3 9 
126 51 122 52 123 51 167 100 2 9 
124 52 120 53 121 52 152 101 3 9 
124 51 119 52 121 51 213 100 6 10 
125 50 120 52 122 51 221 94 7 11 
126 52 121 53 123 52 201 107 4 11 
127 55 122 57 124 56 212 84 10 15 
132 57 127 59 129 58 223 104 7 12 
138 58 133 60 135 59 222 93 9 14 
148 61 142 62 144 61 156 102 4 13 
158 60 152 61 154 60 195 106 4 13 
166 60 161 61 163 60 211 112 5 12 
172 59 167 61 169 59 216 110 3 11 
172 60 167 62 169 60 222 97 7 13 
166 60 160 62 163 60 215 106 4 13 
156 59 150 60 152 59 198 117 4 13 
144 58 138 60 140 58 214 95 8 17 
138 55 132 57 135 56 228 95 10 16 
140 56 133 58 136 56 219 93 8 17 
141 56 134 58 137 56 224 92 8 17 
140 57 134 58 136 57 213 124 4 13 
140 57 133 59 136 58 226 96 9 17 
140 56 133 58 136 56 230 97 11 17 
139 57 132 59 135 57 223 98 7 17 
139 56 132 58 135 56 221 89 10 19 
140 57 133 59 136 58 229 96 10 18 
139 57 132 59 136 58 224 95 12 18 
139 54 132 56 135 54 215 96 9 19 
139 55 132 57 135 56 213 96 9 19 
140 61 132 63 136 61 215 97 9 18 
138 56 131 58 134 57 220 98 11 19 
139 55 132 57 135 55 213 118 5 16 
138 53 131 55 134 54 230 96 13 19 
138 54 131 55 134 54 215 134 3 14 
136 53 129 55 132 53 227 96 11 19 
133 52 126 53 129 52 222 143 3 14 
130 48 123 50 126 49 230 104 8 19 
128 46 121 48 124 47 223 113 7 17 
126 47 119 49 122 48 233 106 8 18 
124 47 116 49 119 48 213 119 7 18 
119 50 111 52 115 50 229 109 8 20 
118 52 110 54 114 53 223 105 10 21 
117 55 109 57 113 56 233 104 10 22 
117 56 108 59 112 57 221 113 10 23 
123 58 114 61 118 59 222 99 13 26 
130 60 120 62 124 60 220 116 12 25 
139 61 130 63 134 61 230 121 11 25 
147 61 138 64 142 62 225 113 14 27 
153 63 143 65 148 64 237 107 11 27 
153 61 144 64 148 62 236 113 16 29 
149 60 138 62 143 61 239 114 11 29 
145 60 134 63 139 61 238 102 14 33 
140 61 129 64 134 62 236 105 15 33 
140 57 129 61 134 58 233 119 13 33 
138 58 126 61 132 59 239 112 19 38 
132 59 120 62 125 60 241 114 17 40 
126 59 113 62 119 60 238 114 21 44 
126 62 113 66 119 63 240 107 26 50 
134 64 120 67 126 65 241 109 23 49 
140 63 126 67 133 65 245 109 29 56 
145 63 130 67 137 65 240 111 26 60 
148 63 133 67 140 65 244 113 29 63 
150 63 135 68 142 65 244 103 39 73 
150 61 134 67 142 64 245 108 42 81 
148 64 131 69 139 66 246 102 44 85 
150 64 132 70 141 66 246 102 47 93 
150 65 131 72 140 68 246 101 55 106 
148 64 129 71 138 67 246 101 65 119 
145 66 125 74 134 69 250 107 66 129 
145 66 124 74 134 69 248 106 74 142 
144 65 122 74 133 69 248 103 92 169 
144 65 120 75 132 70 249 105 98 190 
146 69 121 79 133 73 254 110 114 219 
148 69 122 81 135 74 254 109 126 252 
151 71 124 83 137 76 253 111 141 279 
155 72 127 85 140 78 253 112 154 313 
157 73 128 88 142 80 253 111 176 353 
159 75 129 91 144 82 254 109 199 398 
161 76 130 93 145 84 255 110 219 439 
163 77 131 95 147 85 254 111 236 479 
164 78 132 97 148 87 255 111 254 522 
164 79 131 100 147 89 254 110 284 572 
164 80 130 102 147 90 254 111 314 631 
163 82 126 106 144 93 254 111 359 733 
162 83 122 109 142 96 254 111 419 862 
161 109 161 109 161 109 16 16 1 1 
163 85 119 118 141 101 255 110 614 1253 
164 88 117 118 140 104 255 119 543 1249 
166 90 116 118 140 105 255 127 470 1230 
166 91 115 118 139 106 255 132 444 1215 
167 92 115 118 141 106 255 135 425 1177 
167 94 115 118 141 107 255 136 383 1064 
168 97 114 118 141 109 255 132 364 961 
168 99 113 118 141 109 255 129 342 872 
168 101 114 118 141 110 255 124 319 764 
167 103 114 118 141 111 255 119 294 661 
167 104 115 118 141 112 255 115 278 601 
167 105 115 118 142 112 255 113 266 566 
167 105 115 118 142 112 255 111 267 554 
168 106 116 118 142 113 255 109 253 515 
168 106 116 118 143 113 255 104 250 488 
168 107 117 118 143 113 255 102 252 470 
168 107 118 118 144 113 255 95 245 444 
168 108 119 118 144 113 255 92 235 412 
168 108 119 118 144 113 255 91 231 406 
167 107 117 118 143 113 255 99 231 429 
165 105 113 118 139 112 255 116 248 541 
162 101 111 118 137 110 255 132 281 751 
159 97 111 118 135 108 255 134 318 885 
155 96 113 118 134 108 254 119 347 815 
150 93 112 115 131 103 255 111 328 676 
145 91 111 109 128 100 254 112 247 510 
145 91 112 107 128 98 254 109 218 428 
144 92 113 107 128 99 254 111 195 395 
146 92 114 108 130 100 255 111 217 427 
148 95 114 112 131 103 255 110 244 491 
150 96 114 116 132 105 254 109 300 597 
154 98 115 118 134 108 255 113 328 681 
157 99 116 118 136 109 255 121 287 705 
159 101 117 118 138 110 255 133 236 652 
162 102 118 118 140 111 255 136 226 632 
164 103 118 118 141 111 255 136 222 612 
165 103 118 118 142 111 255 132 221 593 
167 105 120 118 144 112 254 128 213 534 
169 106 122 118 146 112 255 122 209 487 
171 107 124 118 148 113 255 118 198 441 
172 107 125 118 149 113 254 113 200 428 
172 107 125 118 149 113 255 113 210 443 
172 106 123 118 148 112 255 115 230 494 
171 105 122 118 147 112 255 113 246 520 
171 106 121 118 146 112 255 112 243 507 
171 105 119 118 146 112 255 112 271 559 
170 104 118 118 145 112 255 112 289 606 
170 104 118 118 145 112 255 110 287 584 
170 105 119 118 145 112 255 108 275 553 
171 105 119 118 145 112 255 107 274 546 
170 105 119 118 145 112 255 107 274 545 
171 105 119 118 146 112 255 105 276 541 



