98 53 96 55 97 54 100 21 8 9 
99 52 98 53 98 52 42 33 4 4 
99 51 98 53 98 52 61 23 6 6 
99 50 98 52 98 51 95 31 5 6 
99 50 98 52 98 51 61 23 6 6 
99 49 98 51 98 50 78 26 6 6 
99 48 97 50 98 49 104 26 6 8 
99 47 98 48 98 47 40 33 4 4 
99 47 98 49 98 48 82 27 5 6 
100 47 97 49 98 48 108 22 8 9 
99 47 98 49 98 48 62 24 6 6 
99 47 98 49 98 48 82 27 5 6 
98 47 97 49 97 48 76 27 6 6 
97 48 95 50 96 49 104 21 8 9 
93 49 92 51 92 50 66 23 6 6 
89 49 87 51 88 50 68 24 6 6 
85 50 82 52 83 51 112 22 8 10 
80 50 78 52 79 51 74 21 7 7 
75 51 72 53 73 52 143 34 6 8 
71 51 69 53 69 52 70 21 7 7 
67 52 66 54 66 53 135 61 2 4 
66 53 65 55 65 54 72 24 6 6 
69 53 67 55 68 54 121 25 8 9 
73 53 71 55 72 54 98 21 8 9 
80 53 78 55 78 53 63 18 7 7 
87 52 86 53 86 52 55 36 4 4 
94 50 93 51 93 50 49 32 4 4 
101 49 100 50 100 49 34 31 4 4 
108 48 106 50 106 49 100 26 7 8 
115 47 113 49 114 48 75 20 8 8 
122 47 119 49 120 47 101 22 8 9 
127 46 124 48 125 47 114 28 7 8 
131 46 130 47 130 46 51 35 4 4 
132 45 130 47 131 46 111 29 6 7 
131 46 130 46 130 46 117 116 0 2 
130 45 129 45 129 45 128 115 0 2 
127 43 125 45 126 43 95 23 7 8 
123 43 122 45 122 44 99 30 5 6 
120 43 119 43 119 43 131 121 0 2 
119 41 116 43 117 41 130 30 7 8 
115 40 114 42 114 41 69 26 6 6 
112 38 111 40 111 39 86 29 5 6 
110 38 108 39 109 38 71 26 6 6 
108 36 107 38 107 37 72 29 6 6 
107 34 105 36 105 35 80 24 7 7 
105 34 103 36 104 35 151 42 5 7 
103 34 101 36 102 35 89 22 7 8 
103 36 100 38 101 36 107 27 7 8 
103 39 101 41 102 40 140 30 8 9 
105 41 104 43 104 42 105 37 4 6 
108 43 106 45 107 44 152 43 5 7 
111 44 109 46 110 45 162 34 7 9 
114 45 113 46 113 45 44 37 4 4 
117 45 114 47 115 46 170 34 7 9 
118 45 115 47 116 46 175 32 9 10 
117 45 116 47 116 46 138 47 4 6 
117 44 116 46 116 45 81 32 5 6 
118 43 115 45 116 44 171 32 9 10 
121 43 119 45 120 44 138 34 7 9 
129 44 126 46 127 44 135 28 9 10 
133 45 132 46 132 45 67 48 4 4 
135 45 133 47 134 46 132 29 8 9 
133 47 131 48 132 47 97 38 5 6 
129 45 127 47 127 45 119 34 6 8 
125 45 123 46 123 45 74 43 5 5 
120 43 118 45 119 44 156 36 7 9 
114 43 113 44 113 43 63 47 4 4 
110 44 108 45 109 44 80 42 5 5 
104 42 101 44 102 42 132 32 7 10 
96 42 94 44 94 43 171 55 4 7 
92 42 90 44 90 43 192 57 4 7 
89 42 87 44 88 43 179 43 7 9 
86 44 84 45 85 44 105 58 4 5 
82 48 81 49 81 48 96 63 2 4 
83 53 81 54 82 53 110 64 4 6 
85 58 83 59 84 58 119 71 3 5 
90 60 87 62 88 61 122 28 10 12 
102 56 98 58 100 57 139 38 8 11 
119 52 116 53 117 52 96 59 5 6 
129 49 127 50 128 49 117 54 5 6 
132 48 130 50 130 49 165 47 6 8 
132 50 131 51 131 50 68 63 4 4 
133 50 131 52 131 50 149 44 6 8 
131 53 129 54 130 53 86 50 5 6 
130 51 127 53 128 51 175 39 9 11 
127 54 124 55 125 54 100 57 5 7 
124 54 121 55 122 54 96 62 4 6 
120 51 118 52 119 51 78 56 6 6 
114 54 112 55 113 54 115 71 4 6 
110 53 107 54 108 53 135 61 5 7 
106 57 104 58 105 57 139 75 3 6 
105 57 102 59 103 58 181 66 5 8 
101 58 97 60 99 59 213 63 8 11 
89 58 85 59 87 58 108 54 6 9 
79 60 76 61 77 60 156 82 4 7 
80 56 76 57 78 56 133 90 4 8 
93 52 89 53 90 52 109 63 6 9 
107 55 104 56 105 55 188 95 4 7 
119 54 115 56 117 55 212 70 7 11 
130 54 126 56 128 55 208 76 6 10 
138 57 135 58 136 57 197 96 4 7 
140 55 136 57 138 56 218 69 8 11 
140 57 137 58 138 57 109 76 3 8 
141 57 137 59 139 58 213 69 8 11 
143 55 139 57 141 56 210 70 8 11 
140 54 136 55 138 54 142 81 4 9 
133 53 129 55 131 54 220 93 5 9 
131 52 127 53 129 52 202 99 5 8 
130 52 126 53 128 52 219 105 4 8 
130 51 125 52 127 51 204 87 6 10 
127 52 123 53 125 52 127 83 4 10 
126 53 122 55 124 54 220 91 6 10 
126 53 122 54 123 53 140 92 3 9 
126 51 122 52 123 51 167 100 2 9 
124 52 120 53 121 52 152 101 3 9 
124 51 119 52 121 51 213 100 6 10 
125 50 120 52 122 51 221 94 7 11 
126 52 121 53 123 52 201 107 4 11 
127 55 122 57 124 56 212 84 10 15 
132 57 127 59 129 58 223 104 7 12 
138 58 133 60 135 59 222 93 9 14 
148 61 142 62 144 61 156 102 4 13 
158 60 152 61 154 60 195 106 4 13 
166 60 161 61 163 60 211 112 5 12 
172 59 167 61 169 59 216 110 3 11 
172 60 167 62 169 60 222 97 7 13 
166 60 160 62 163 60 215 106 4 13 
156 59 150 60 152 59 198 117 4 13 
144 58 138 60 140 58 214 95 8 17 
138 55 132 57 135 56 228 95 10 16 
140 56 133 58 136 56 219 93 8 17 
141 56 134 58 137 56 224 92 8 17 
140 57 134 58 136 57 213 124 4 13 
140 57 133 59 136 58 226 96 9 17 
140 56 133 58 136 56 230 97 11 17 
139 57 132 59 135 57 223 98 7 17 
139 56 132 58 135 56 221 89 10 19 
140 57 133 59 136 58 229 96 10 18 
139 57 132 59 136 58 224 95 12 18 
139 54 132 56 135 54 215 96 9 19 
139 55 132 57 135 56 213 96 9 19 
140 61 132 63 136 61 215 97 9 18 
138 56 131 58 134 57 220 98 11 19 
139 55 132 57 135 55 213 118 5 16 
138 53 131 55 134 54 230 96 13 19 
138 54 131 55 134 54 215 134 3 14 
136 53 129 55 132 53 227 96 11 19 
133 52 126 53 129 52 222 143 3 14 
130 48 123 50 126 49 230 104 8 19 
128 46 121 48 124 47 223 113 7 17 
126 47 119 49 122 48 233 106 8 18 
124 47 116 49 119 48 213 119 7 18 
119 50 111 52 115 50 229 109 8 20 
118 52 110 54 114 53 223 105 10 21 
117 55 109 57 113 56 233 104 10 22 
117 56 108 59 112 57 221 113 10 23 
123 58 114 61 118 59 222 99 13 26 
130 60 120 62 124 60 220 116 12 25 
139 61 130 63 134 61 230 121 11 25 
147 61 138 64 142 62 225 113 14 27 
153 63 143 65 148 64 237 107 11 27 
153 61 144 64 148 62 236 113 16 29 
149 60 138 62 143 61 239 114 11 29 
145 60 134 63 139 61 238 102 14 33 
140 61 129 64 134 62 236 105 15 33 
140 57 129 61 134 58 233 119 13 33 
138 58 126 61 132 59 239 112 19 38 
132 59 120 62 125 60 241 114 17 40 
126 59 113 62 119 60 238 114 21 44 
126 62 113 66 119 63 240 107 26 50 
134 64 120 67 126 65 241 109 23 49 
140 63 126 67 133 65 245 109 29 56 
145 63 130 67 137 65 240 111 26 60 
148 63 133 67 140 65 244 113 29 63 
150 63 135 68 142 65 244 103 39 73 
150 61 134 67 142 64 245 108 42 81 
148 64 131 69 139 66 246 102 44 85 
150 64 132 70 141 66 246 102 47 93 
150 65 131 72 140 68 246 101 55 106 
148 64 129 71 138 67 246 101 65 119 
145 66 125 74 134 69 250 107 66 129 
145 66 124 74 134 69 248 106 74 142 
144 65 122 74 133 69 248 103 92 169 
144 65 120 75 132 70 249 105 98 190 
146 69 121 79 133 73 254 110 114 219 
148 69 122 81 135 74 254 109 126 252 
151 71 124 83 137 76 253 111 141 279 
155 72 127 85 140 78 253 112 154 313 
157 73 128 88 142 80 253 111 176 353 
159 75 129 91 144 82 254 109 199 398 
161 76 130 93 145 84 255 110 219 439 
163 77 131 95 147 85 254 111 236 479 
164 78 132 97 148 87 255 111 254 522 
164 79 131 100 147 89 254 110 284 572 
164 80 130 102 147 90 254 111 314 631 
163 82 126 106 144 93 254 111 359 733 
162 83 122 109 142 96 254 111 419 862 
161 109 161 109 161 109 16 16 1 1 
163 85 119 118 141 101 255 110 614 1253 
164 88 117 118 140 104 255 119 543 1249 
166 90 116 118 140 105 255 127 470 1230 
166 91 115 118 139 106 255 132 444 1215 
167 92 115 118 141 106 255 135 425 1177 
167 94 115 118 141 107 255 136 383 1064 
168 97 114 118 141 109 255 132 364 961 
168 99 113 118 141 109 255 129 342 872 
168 101 114 118 141 110 255 124 319 764 
167 103 114 118 141 111 255 119 294 661 
167 104 115 118 141 112 255 115 278 601 
167 105 115 118 142 112 255 113 266 566 
167 105 115 118 142 112 255 111 267 554 
168 106 116 118 142 113 255 109 253 515 
168 106 116 118 143 113 255 104 250 488 
168 107 117 118 143 113 255 102 252 470 
168 107 118 118 144 113 255 95 245 444 
168 108 119 118 144 113 255 92 235 412 
168 108 119 118 144 113 255 91 231 406 
167 107 117 118 143 113 255 99 231 429 
165 105 113 118 139 112 255 116 248 541 
162 101 111 118 137 110 255 132 281 751 
159 97 111 118 135 108 255 134 318 885 
155 96 113 118 134 108 254 119 347 815 
150 93 112 115 131 103 255 111 328 676 
145 91 111 109 128 100 254 112 247 510 
145 91 112 107 128 98 254 109 218 428 
144 92 113 107 128 99 254 111 195 395 
146 92 114 108 130 100 255 111 217 427 
148 95 114 112 131 103 255 110 244 491 
150 96 114 116 132 105 254 109 300 597 
154 98 115 118 134 108 255 113 328 681 
157 99 116 118 136 109 255 121 287 705 
159 101 117 118 138 110 255 133 236 652 
162 102 118 118 140 111 255 136 226 632 
164 103 118 118 141 111 255 136 222 612 
165 103 118 118 142 111 255 132 221 593 
167 105 120 118 144 112 254 128 213 534 
169 106 122 118 146 112 255 122 209 487 
171 107 124 118 148 113 255 118 198 441 
172 107 125 118 149 113 254 113 200 428 
172 107 125 118 149 113 255 113 210 443 
172 106 123 118 148 112 255 115 230 494 
171 105 122 118 147 112 255 113 246 520 
171 106 121 118 146 112 255 112 243 507 
171 105 119 118 146 112 255 112 271 559 
170 104 118 118 145 112 255 112 289 606 
170 104 118 118 145 112 255 110 287 584 
170 105 119 118 145 112 255 108 275 553 
171 105 119 118 145 112 255 107 274 546 
170 105 119 118 145 112 255 107 274 545 
171 105 119 118 146 112 255 105 276 541 

