95 61 82 64 88 62 243 117 20 47 
95 63 81 67 87 65 241 103 27 52 
95 62 82 66 88 63 242 105 26 50 
95 62 82 66 88 64 244 110 24 49 
95 63 82 67 88 65 241 102 28 53 
96 63 82 67 88 65 243 106 26 52 
95 65 82 69 88 67 232 94 28 51 
95 66 81 70 88 68 246 106 28 52 
94 69 80 73 87 71 243 102 30 57 
93 70 79 74 86 72 242 118 24 52 
96 73 81 77 88 74 237 110 27 56 
99 73 84 77 91 75 244 112 30 60 
101 74 85 78 93 76 244 106 29 64 
100 75 84 79 91 77 244 107 33 68 
99 74 83 79 90 76 243 110 35 73 
98 75 81 80 89 77 247 106 48 82 
96 74 78 80 86 76 246 108 42 86 
92 75 74 81 83 77 244 106 48 94 
90 76 72 82 80 79 246 107 52 100 
89 75 70 82 79 78 246 101 64 111 
88 75 69 82 78 78 247 104 67 116 
88 77 68 84 78 80 249 104 67 123 
89 78 68 86 78 82 247 103 73 135 
88 79 67 88 77 83 247 104 78 142 
86 80 64 88 74 83 249 107 79 150 
86 78 64 88 75 82 251 105 91 171 
89 79 67 90 77 84 247 105 96 180 
93 80 70 90 81 85 251 104 107 196 
95 81 71 91 83 86 249 106 106 205 
98 79 73 91 85 85 250 105 123 231 
99 80 73 92 85 86 253 108 128 245 
100 80 72 93 85 86 253 107 153 290 
100 82 71 95 85 88 254 108 161 313 
99 81 70 96 84 88 254 108 176 337 
101 84 71 98 86 90 253 109 173 348 
101 87 70 101 85 93 254 110 186 375 
100 90 67 106 83 97 255 109 230 440 
102 91 67 110 84 99 255 110 258 517 
103 92 67 112 84 101 255 109 296 589 
104 94 66 114 84 103 255 110 318 630 
108 94 69 117 88 104 255 110 353 697 
110 94 70 118 90 105 255 110 377 754 
112 93 71 118 91 105 255 110 390 786 
110 92 69 118 89 103 255 110 418 838 
109 91 67 118 87 103 255 109 411 836 
106 92 65 118 85 105 255 110 417 835 
106 95 64 118 84 106 255 113 395 825 
105 93 61 118 82 106 255 115 430 915 
103 96 58 118 80 108 255 124 335 860 
105 98 60 118 82 109 255 125 302 792 
108 97 65 118 86 108 255 118 351 805 
105 94 65 118 84 105 255 111 360 730 
101 91 65 111 82 100 255 110 288 579 
102 88 69 105 85 96 253 110 231 463 
106 86 74 101 89 93 254 109 197 391 
108 85 78 99 92 91 251 109 169 330 
110 79 82 92 95 85 253 107 146 283 
112 76 87 86 99 80 251 109 106 212 
114 75 91 83 102 79 251 110 78 158 
113 74 93 80 103 77 249 110 58 118 
112 73 94 78 103 75 246 109 44 90 
109 73 93 77 101 75 243 109 31 67 
105 73 91 76 97 74 240 118 22 49 
102 74 89 77 95 75 244 114 19 42 
100 70 88 73 94 71 233 113 18 37 
99 73 88 75 93 74 232 118 14 31 
96 70 87 73 91 71 221 125 12 26 
94 70 85 72 89 70 229 126 10 24 
86 68 77 70 81 69 235 107 12 24 
75 69 67 71 70 69 217 124 8 20 
67 70 59 72 63 71 226 104 10 21 
57 69 49 70 53 69 223 135 5 16 
51 68 43 70 46 69 229 90 13 22 
45 67 37 69 40 67 214 91 12 20 
45 65 37 67 41 66 227 80 15 21 
57 57 49 60 52 58 226 110 9 20 
68 54 60 57 64 55 230 110 9 21 
81 50 72 52 76 51 227 98 10 22 
89 50 81 52 85 51 226 105 10 21 
87 57 78 59 82 58 218 110 8 21 
69 59 61 61 64 59 213 113 7 20 
65 59 58 61 61 60 230 99 13 20 
67 61 60 63 63 62 229 98 11 20 
67 61 60 63 63 62 228 95 13 20 
66 64 59 65 62 64 212 128 5 15 
67 65 61 67 63 65 227 115 5 16 
66 66 59 67 62 66 187 108 6 14 
65 69 59 71 61 70 226 93 13 18 
63 71 56 72 59 71 221 110 6 15 
59 70 53 72 56 70 221 106 6 15 
55 69 49 71 51 70 229 93 12 17 
53 68 46 70 49 69 227 86 13 19 
49 67 43 69 45 68 224 84 13 18 
46 66 40 68 42 67 162 78 11 17 
45 66 39 67 42 66 210 123 3 12 
46 65 39 67 42 66 229 81 14 19 
48 63 41 65 44 63 224 101 9 19 
49 65 42 67 45 66 226 100 10 20 
53 63 46 65 49 64 232 106 9 19 
59 61 51 63 55 62 230 109 10 20 
61 60 53 62 56 61 233 111 11 22 
62 60 54 62 57 61 229 118 11 22 
63 59 53 61 58 60 226 113 13 26 
65 55 55 58 59 56 232 101 18 32 
67 58 57 61 61 59 235 107 12 30 
66 58 55 61 60 59 237 112 14 33 
64 59 53 62 58 60 233 107 22 38 
66 61 54 64 59 62 239 108 20 41 
73 59 60 63 66 61 239 109 23 47 
80 58 66 62 73 59 239 105 27 52 
84 56 69 60 76 58 241 115 27 55 
86 57 70 61 78 59 246 112 31 61 
88 57 72 61 80 59 243 113 31 66 
92 61 75 66 83 63 246 108 41 81 
97 63 79 69 88 66 245 101 50 91 
100 65 81 72 90 68 249 99 61 111 
102 67 82 75 91 70 247 110 62 126 
109 69 87 77 97 72 251 110 80 154 
112 70 88 80 100 74 251 109 100 200 
109 69 82 81 95 75 252 108 138 265 
107 70 78 84 92 77 254 108 170 334 
110 72 79 88 94 79 254 109 202 406 
118 70 83 89 100 79 255 111 252 506 
125 75 89 94 106 84 255 112 282 572 
128 76 91 97 109 86 255 111 322 653 
131 79 93 101 112 89 255 111 324 662 
132 81 95 102 113 91 254 111 295 605 
134 81 99 100 116 90 255 110 264 530 
137 80 104 96 120 87 254 110 229 454 
137 77 107 91 121 84 255 111 181 368 
134 76 107 88 120 82 253 111 139 280 
131 74 106 84 118 79 253 109 110 217 
129 73 106 82 117 77 249 109 86 169 
126 69 106 77 116 73 248 108 65 132 
124 66 105 72 114 69 247 101 59 105 
119 61 101 67 110 63 245 105 44 85 
114 63 99 68 106 65 244 103 36 66 
108 63 94 66 101 64 243 114 23 50 
103 64 90 67 96 65 238 102 26 44 
98 61 86 64 91 62 240 112 20 39 
89 62 78 65 83 63 234 110 20 35 
83 58 72 61 77 59 238 103 16 33 
76 59 67 62 71 60 234 105 15 29 
71 60 62 62 66 60 232 113 12 25 
67 60 58 62 62 61 236 106 11 23 
62 60 54 62 58 61 233 106 10 21 
56 61 48 63 52 62 232 99 12 22 
51 63 43 65 47 64 227 99 10 21 
48 64 41 66 44 65 222 117 7 18 
48 70 40 73 43 71 218 118 7 19 
45 74 38 76 41 75 232 101 11 20 
45 74 37 77 40 75 217 105 9 20 
45 76 37 78 41 77 228 101 11 21 
44 75 37 77 40 75 218 122 8 19 
46 74 38 76 41 75 229 105 12 22 
47 71 38 74 42 72 232 95 16 28 
50 67 40 69 45 68 219 99 14 27 
53 63 43 65 48 64 230 117 11 27 
56 58 46 61 50 59 234 108 17 31 
56 63 45 66 50 64 235 104 20 36 
55 66 44 69 49 67 237 99 20 36 
55 71 44 74 49 72 235 106 18 38 
57 72 45 76 50 74 238 105 20 42 
59 76 47 79 53 77 240 110 21 44 
62 75 48 78 54 76 240 109 25 48 
66 74 52 77 59 75 243 118 24 50 
70 71 55 76 62 73 242 108 30 63 
73 70 57 75 64 72 243 108 39 72 
74 71 57 77 65 73 246 110 40 80 
73 72 55 78 63 74 247 109 46 94  
92 75 66 89 78 82 251 104 152 284 
97 75 69 90 82 82 254 105 179 329 
104 74 74 90 88 82 255 108 193 378 
107 74 75 91 90 82 255 110 211 428 
109 73 75 91 91 82 255 109 241 492 
115 76 80 94 97 84 255 111 257 519 
116 78 81 97 98 87 255 111 273 560 
119 79 83 100 101 89 255 109 302 608 
123 81 86 105 104 93 255 106 343 667 
123 82 85 110 104 95 255 104 384 743 
123 84 83 114 102 99 255 105 443 848 
123 87 81 118 102 102 255 107 493 967 
126 91 80 118 103 105 255 115 476 1034 
129 91 78 118 103 106 255 125 446 1159 
131 95 78 118 104 108 255 134 390 1052 
135 100 79 118 106 110 255 132 324 860 
137 101 78 118 107 111 255 126 319 787 
138 102 77 118 107 111 255 123 340 810 
137 103 76 118 106 112 255 119 311 703 
137 104 76 118 106 112 255 115 311 674 
135 106 77 118 106 113 255 108 287 582 
134 106 75 118 104 113 255 106 283 565 
131 107 73 118 102 113 254 99 267 502 
129 108 73 118 100 113 255 94 252 456 
127 109 73 118 99 114 252 88 231 394 
128 109 73 118 100 114 252 88 236 404 
127 110 73 118 99 114 235 82 221 365 
125 110 74 118 98 115 217 73 204 315 
118 113 75 118 96 116 106 52 157 190 
119 113 76 118 97 116 101 51 150 174 
