48 68 43 69 45 68 201 114 3 11 
50 58 45 60 47 59 217 84 9 13 
46 62 41 63 43 62 197 116 3 11 
44 66 39 67 41 66 187 94 5 11 
42 70 38 71 40 70 211 112 4 10 
41 71 36 72 38 71 177 99 4 10 
41 69 36 70 38 69 157 99 4 11 
43 64 38 66 40 65 210 89 7 14 
47 58 42 59 44 58 218 122 2 10 
55 56 50 58 52 56 218 92 8 13 
65 52 59 54 62 53 213 92 10 14 
66 50 60 51 63 50 215 107 6 12 
60 58 55 61 57 59 198 103 8 16 
53 68 48 70 50 68 220 101 7 14 
40 68 35 70 37 69 221 96 8 13 
33 69 27 70 30 69 216 97 7 12 
29 68 24 70 26 69 219 93 8 12 
30 68 25 69 27 68 175 105 3 11 
29 67 24 69 26 68 221 83 10 14 
24 67 19 69 21 68 218 82 9 14 
23 67 19 69 21 67 217 94 6 11 
23 67 18 69 20 67 216 81 8 12 
21 67 16 69 18 68 217 86 8 13 
19 67 15 69 16 67 219 88 8 12 
16 68 12 69 14 68 184 118 3 10 
14 68 9 70 11 68 213 98 5 12 
15 68 10 70 12 69 217 78 11 15 
21 68 16 69 18 68 215 114 4 11 
30 66 24 67 27 66 192 90 6 12 
38 65 32 66 35 65 215 110 4 12 
42 64 36 66 39 65 220 102 7 13 
50 62 44 64 46 62 209 122 5 13 
53 56 47 58 50 57 224 96 9 15 
57 59 51 61 54 60 221 115 6 13 
57 59 50 60 53 59 217 114 5 14 
60 62 54 64 56 63 215 114 8 18 
64 64 57 66 60 65 220 96 10 18 
72 59 64 61 68 60 228 106 9 19 
83 60 75 62 79 61 222 107 8 20 
95 63 87 65 91 64 228 110 10 21 
103 66 94 68 98 66 203 98 13 25 
100 68 91 70 95 68 223 123 12 25 
94 68 84 71 89 69 227 106 17 33 
80 74 70 76 74 75 236 130 10 29 
66 73 55 76 60 74 230 108 19 36 
54 72 43 75 48 73 231 105 22 37 
47 73 36 77 41 74 233 108 18 35 
40 74 30 77 35 75 235 115 13 32 
37 74 27 77 32 75 229 105 17 35 
36 74 26 77 30 75 228 109 17 33 
35 74 25 78 29 75 230 104 18 35 
32 75 22 78 26 76 231 110 15 33 
30 75 20 78 24 76 228 107 19 33 
27 75 18 78 22 76 227 109 18 32 
26 75 16 79 20 77 233 106 15 33 
24 76 15 79 19 77 231 113 13 31 
22 76 13 79 17 77 230 112 13 31 
20 76 11 79 15 77 228 113 14 31 
18 76 9 79 13 77 225 110 14 31 
15 76 7 79 11 77 223 112 15 30 
13 76 5 80 9 77 224 109 15 31 
12 76 4 80 7 77 224 102 16 33 
12 76 4 80 7 78 224 106 16 32 
12 77 4 80 7 78 225 111 14 31 
16 77 7 80 11 78 226 114 12 31 
22 77 13 80 17 78 229 112 14 32 
33 77 23 80 27 78 229 115 18 33 
46 77 35 80 40 78 228 107 21 37 
63 75 51 78 56 76 226 108 22 39 
70 74 59 77 64 75 240 115 14 35 
71 74 59 77 64 75 236 106 22 38 
69 73 58 76 63 74 237 112 14 35 
63 73 53 75 57 74 235 131 10 29 
56 72 45 75 50 73 227 111 18 33 
48 72 38 75 42 73 234 102 14 32 
39 72 30 75 34 73 229 107 17 30 
34 72 25 75 29 73 230 107 12 29 
29 72 20 75 24 73 228 113 13 28 
27 73 18 76 22 74 230 110 14 29 
28 74 19 77 23 75 230 114 13 29 
33 75 24 78 28 76 231 115 12 30 
43 74 32 77 37 75 227 104 22 37 
55 77 43 80 49 78 228 106 20 38 
59 73 47 76 52 74 237 109 21 40 
64 72 51 75 57 73 238 108 24 44 
68 75 55 78 61 76 237 119 19 43 
76 77 62 80 69 78 241 112 20 48 
86 72 71 76 78 74 240 105 33 61 
94 72 79 76 86 73 243 110 28 63 
97 71 80 76 88 73 244 108 39 75 
94 74 77 79 85 76 242 108 41 82 
96 75 77 81 86 77 245 106 49 94 
99 78 80 84 89 80 247 109 53 103 
106 78 85 85 95 81 248 110 66 129 
111 77 88 85 99 81 248 112 78 159 
118 80 94 89 106 84 250 110 97 189 
122 84 97 94 109 88 250 108 111 216 
121 86 95 97 107 91 250 107 125 239 
115 93 90 104 102 98 250 104 114 212 
106 97 81 105 93 101 251 111 82 167 
100 92 77 100 88 95 248 113 73 148 
99 83 78 91 88 86 248 111 66 140 
99 74 79 81 88 77 246 109 55 112 
97 65 79 71 87 67 244 102 47 96 
95 60 78 65 86 62 244 111 36 75 
94 53 78 57 85 55 242 109 34 65 
90 54 75 58 82 56 240 105 29 57 
86 52 72 56 79 54 240 106 27 53 
82 54 69 57 75 55 239 109 20 44 
76 55 65 58 70 56 237 115 18 38 
72 55 61 58 66 56 235 112 16 37 
68 57 57 60 62 58 235 110 15 35 
61 59 50 63 55 61 234 106 16 36 
52 63 42 66 46 64 232 103 14 31 
45 65 36 68 40 66 226 97 16 29 
42 69 33 72 37 70 228 102 12 28 
42 71 34 73 37 72 232 115 9 24 
44 76 35 78 39 77 227 116 9 25 
41 77 34 79 37 78 229 112 9 21 
41 74 33 76 36 75 229 107 10 22 
35 73 28 75 31 74 221 112 10 21 
30 71 23 73 26 72 223 113 10 20 
24 69 17 71 20 69 220 113 10 20 
21 68 14 71 17 69 222 101 12 22 
20 70 13 72 16 71 225 104 8 20 
21 70 14 72 17 71 224 105 7 19 
25 69 18 71 21 69 221 106 10 21 
34 67 26 69 29 67 220 105 11 21 
45 65 36 67 40 66 230 92 13 23 
53 62 45 64 49 63 231 115 9 21 
59 63 51 65 54 63 231 121 11 24 
67 63 58 66 62 64 232 104 13 27 
75 62 65 65 70 63 234 105 12 29 
84 61 74 63 78 62 234 119 10 29 
93 62 82 65 87 63 233 105 16 33 
95 60 83 63 88 61 231 106 20 36 
94 57 83 60 88 58 230 105 21 37 
90 59 79 62 84 60 231 107 20 36 
74 58 63 61 68 59 231 119 13 31 
62 58 52 61 57 59 233 116 15 29 
49 58 40 61 44 59 228 108 14 28 
35 59 26 62 30 60 226 108 15 26 
27 61 20 65 23 62 226 101 12 25 
23 64 16 68 18 66 226 94 14 24 
22 66 14 69 18 67 213 95 12 25 
22 67 14 70 18 68 221 96 16 26 
25 67 16 70 20 68 225 103 16 27 
30 66 21 69 25 67 217 94 15 27 
41 66 31 69 35 67 174 89 17 33 
55 63 44 66 49 64 232 110 20 37 
72 61 60 65 66 62 233 111 20 42 
88 60 74 63 80 61 239 114 23 47 
104 58 90 62 96 59 240 109 28 52 
110 59 96 63 102 61 240 103 29 55 
116 60 102 64 109 61 240 105 26 51 
119 60 105 64 111 61 237 108 21 45 
119 60 107 63 112 61 237 112 16 39 
118 60 107 63 112 61 230 113 18 35 
115 61 104 63 109 62 234 113 11 31 
110 58 100 61 105 59 233 107 18 32 
109 58 99 61 104 59 227 102 16 30 
104 54 94 57 99 55 231 111 14 28 
96 54 88 56 91 54 218 121 9 22 
88 53 79 55 83 53 228 115 11 23 
80 54 72 56 76 55 230 105 11 22 
73 55 64 57 68 55 226 113 11 23 
61 58 52 60 56 59 227 105 11 24 
54 61 46 63 50 62 227 108 11 21 
53 61 44 64 48 62 229 105 13 26 
56 67 47 69 51 68 228 112 11 23 
62 65 53 68 57 66 226 91 17 29 
67 64 56 67 61 65 233 104 13 31 
71 63 60 66 65 64 234 102 20 37 
76 62 64 66 69 63 238 113 16 38 
80 66 67 69 73 67 221 101 22 45 
83 68 69 71 75 69 241 117 22 49 
89 68 73 73 80 70 242 111 32 62 
96 67 79 73 87 70 245 107 42 78 
102 68 83 74 92 71 247 105 48 96 
106 67 86 74 96 70 246 109 57 114 
111 70 90 78 100 74 248 111 65 135 
118 71 95 79 106 74 251 110 84 167 
121 74 96 83 108 78 250 110 100 203 
125 73 98 85 111 79 252 110 131 257 
131 75 102 88 116 81 252 110 153 306 
134 75 104 90 118 82 253 110 179 359 
136 71 103 88 119 79 253 110 224 447 
136 73 101 91 118 81 255 111 256 518 
132 82 98 100 115 91 254 111 251 509 
129 93 95 109 111 100 253 109 235 458 
125 94 92 109 108 101 254 108 218 432 
123 88 91 106 106 96 254 103 231 433 
120 83 89 99 104 91 249 104 202 378 
113 79 85 91 98 84 253 110 138 278 
105 74 80 84 92 79 252 110 104 213 
97 71 74 79 85 75 250 108 89 169 
92 68 71 76 81 72 249 108 64 133 
86 68 67 74 76 71 245 107 57 109 
79 65 62 70 70 67 239 103 41 85 
78 67 62 72 69 69 246 114 32 70 
75 65 60 70 67 67 228 99 33 61 
70 67 57 71 63 69 241 108 24 50 
67 68 54 72 60 69 238 103 23 45 
67 66 55 69 60 67 230 93 23 40 
69 67 59 70 64 68 233 111 13 31 
65 62 55 65 59 63 225 113 13 33 
65 60 56 63 60 61 233 104 11 29 
65 57 56 60 60 58 230 102 14 28 
65 58 56 61 60 59 221 108 14 27 
64 62 55 65 59 63 223 107 10 25 
65 65 56 68 60 66 220 89 14 25 
65 67 57 70 61 68 214 104 12 24 
62 71 54 73 57 72 227 101 10 21 
61 71 53 73 56 71 220 106 9 20 
60 70 52 72 56 71 230 94 12 21 
59 69 51 71 55 70 229 96 10 20 
61 68 54 70 57 69 221 104 9 18 
68 65 61 67 64 66 218 107 8 18 
72 64 65 65 68 64 219 136 4 15 
80 62 72 64 75 63 221 94 12 22 
85 61 77 63 80 61 216 107 9 20 
88 60 80 62 84 61 229 101 10 21 
91 60 83 62 86 60 216 112 8 20 
94 60 86 62 89 60 221 111 10 21 
95 59 87 61 90 59 217 111 10 22 
92 58 84 60 87 58 217 123 9 21 
86 58 77 60 81 59 233 106 11 24 
80 59 71 61 75 60 232 110 12 24 
75 62 67 64 71 62 229 123 10 23 
74 65 65 68 69 66 226 89 15 26 
72 62 63 64 67 63 229 107 10 24 
71 61 62 64 66 62 229 101 13 25 
66 59 58 62 61 60 229 112 10 23 
62 60 53 62 57 61 231 101 13 23 
60 60 52 63 56 61 227 110 9 21 
62 60 55 62 58 60 221 110 9 20 
66 60 59 62 62 60 221 120 8 19 
72 59 65 61 68 60 229 104 11 20 
76 60 69 61 72 60 214 135 4 15 
84 60 77 61 80 60 218 133 3 14 
93 60 86 61 89 60 218 128 4 15 
108 59 102 61 105 60 225 98 11 17 
119 60 113 61 116 60 195 125 4 13 
128 58 121 60 124 58 218 94 11 17 
136 57 129 59 132 57 218 93 8 17 
138 57 132 58 135 57 211 124 3 13 
140 57 134 58 137 57 217 120 4 14 
139 57 133 58 136 57 216 124 4 14 
138 57 130 59 134 57 226 93 10 19 
138 58 130 60 134 59 227 94 13 20 
141 60 133 62 137 60 227 101 9 20 
144 61 137 63 140 62 226 103 9 19 
149 62 142 64 145 63 223 101 9 20 
150 64 142 66 146 64 221 117 8 20 
147 65 139 67 143 66 226 92 14 23 
133 68 124 70 128 68 219 124 8 22 
115 69 106 71 110 69 214 117 10 24 
99 70 90 72 94 71 230 108 12 24 
92 71 84 73 87 72 226 100 10 22 
92 73 85 75 88 74 225 105 10 20 
97 72 90 74 93 72 223 107 9 19 
106 71 99 73 102 71 208 119 8 18 
122 63 114 65 118 64 213 109 7 20 
135 57 128 59 131 58 227 106 8 17 
143 56 136 58 140 57 228 96 10 18 
147 54 140 56 143 54 218 94 10 19 
148 55 141 57 145 56 226 101 10 18 
150 57 143 59 146 57 219 108 6 17 
149 58 142 60 145 59 214 113 7 17 
145 61 139 63 142 62 222 102 9 19 
144 63 137 65 140 63 215 120 8 18 
140 63 132 65 136 64 233 105 10 21 
135 64 127 66 130 65 231 105 11 22 


