143 25 134 32 138 28 121 10 36 64 
122 22 114 29 118 25 115 13 33 60 
91 20 86 28 88 24 109 14 30 54 
172 9 160 17 166 13 215 21 48 85 
186 2 178 8 181 4 149 9 29 55 
144 2 135 5 138 3 196 15 19 31 
1 2 1 2 1 2 0 0 1 1 
138 25 129 31 133 28 111 10 35 60 
117 21 109 28 113 24 104 15 30 60 
86 19 80 27 83 22 96 16 32 59 
169 10 156 17 162 13 217 23 47 85 
186 2 175 9 180 5 192 12 43 74 
140 2 130 4 134 2 182 15 17 28 
1 2 1 2 1 2 0 0 1 1 
113 23 103 30 107 26 126 10 40 65 
92 19 83 26 87 22 106 14 34 65 
61 16 54 24 57 20 96 14 38 65 
1 13 1 13 1 13 0 0 1 1 
149 11 133 18 141 14 213 23 52 104 
1 11 1 11 1 11 0 0 1 1 
1 9 1 9 1 9 0 0 1 1 
173 7 159 12 166 9 193 20 40 82 
119 2 109 4 113 2 124 11 16 28 
1 2 1 2 1 2 0 0 1 1 
76 28 65 34 70 30 91 13 42 73 
55 22 45 29 50 25 86 15 40 74 
186 18 175 25 180 21 255 38 43 83 
114 17 98 24 106 20 173 23 52 102 
28 16 20 25 24 20 83 15 41 75 
172 15 160 21 165 17 170 21 40 80 
144 14 126 19 134 16 141 17 51 103 
183 2 170 5 177 3 123 17 22 41 
98 2 77 8 85 4 195 40 45 110 
1 2 1 2 1 2 0 0 1 1 
50 25 40 31 45 27 62 2 36 46 
168 20 156 27 162 23 255 33 47 83 
31 18 22 26 26 21 121 11 39 69 
152 15 138 22 145 18 193 19 49 87 
89 14 73 21 80 17 208 25 48 102 
120 13 103 17 111 15 129 17 46 90 
8 12 1 21 4 16 78 12 41 71 
181 11 172 19 176 14 182 19 39 73 
168 2 153 9 161 4 185 25 40 85 
66 2 54 4 59 2 152 12 20 32 
1 2 1 2 1 2 0 0 1 1 
54 26 45 32 49 28 129 7 33 46 
35 20 26 27 30 23 127 12 41 67 
172 19 161 26 166 22 255 38 39 77 
156 15 143 21 149 17 183 20 47 85 
93 15 78 22 85 18 213 25 48 102 
10 14 4 23 7 18 93 14 35 66 
125 13 108 17 116 15 151 19 44 90 
184 9 175 17 179 12 152 20 41 74 
171 2 157 7 165 3 176 25 27 61 
72 2 57 5 63 3 212 26 24 46 
1 2 1 2 1 2 0 0 1 1 
64 25 55 31 59 28 133 11 33 59 
186 23 186 23 186 23 0 0 1 1 
44 19 35 27 39 23 137 11 42 70 
180 18 169 25 174 21 255 33 39 77 
164 14 152 20 158 16 196 20 38 74 
103 14 87 21 95 17 206 25 53 107 
18 14 11 23 14 18 112 13 40 68 
134 12 117 17 125 14 147 18 51 97 
1 11 1 17 1 14 0 0 7 7 
186 8 181 16 183 11 126 19 24 40 
178 2 165 6 172 3 168 20 26 46 
80 2 66 5 71 3 214 21 23 42 
1 2 1 2 1 2 0 0 1 1 
67 23 58 29 62 26 119 10 34 58 
182 18 172 25 176 21 255 33 39 76 
47 17 38 25 42 20 129 12 41 67 
167 14 155 20 161 16 195 21 39 77 
107 13 91 19 99 15 190 25 49 101 
20 12 14 21 17 16 115 13 36 63 
137 11 121 16 128 13 136 19 48 91 
1 10 1 15 1 12 0 0 6 6 
186 9 184 14 184 11 79 6 12 15 
180 2 167 6 174 3 152 22 23 45 
79 2 70 3 74 2 3 0 12 18 
1 2 1 2 1 2 0 0 1 1 
182 16 171 24 176 19 255 31 46 86 
64 16 55 22 59 18 122 7 33 47 
44 11 35 19 39 14 125 10 40 56 
1 11 1 15 1 13 0 0 5 5 
186 10 185 14 185 12 3 1 7 8 
166 10 154 16 160 12 183 19 40 75 
17 8 11 17 13 12 104 14 34 64 
104 5 88 12 96 8 195 25 54 107 
136 4 119 9 126 6 162 22 51 96 
181 2 171 5 176 3 127 17 18 33 
1 2 1 2 1 2 0 0 1 1 
1 15 1 15 1 15 0 0 1 1 
181 14 171 22 175 18 255 33 42 82 
1 13 1 13 1 13 0 0 1 1 
62 12 53 18 57 14 121 7 32 54 
1 11 1 11 1 11 0 0 1 1 
166 7 153 14 159 10 194 16 45 82 
41 7 33 15 37 11 129 11 38 65 
15 6 8 15 11 10 98 14 35 66 
182 2 172 5 177 3 122 11 17 26 
135 2 117 6 126 3 174 27 28 76 
104 2 87 7 94 4 206 27 40 94 
1 2 1 2 1 2 0 0 1 1 
180 15 169 23 175 18 255 32 43 83 
61 14 52 20 56 16 134 12 32 59 
1 11 1 16 1 13 0 0 6 6 
186 10 184 15 185 12 75 6 12 17 
41 9 33 16 37 12 119 13 32 60 
165 8 152 15 158 11 186 18 46 84 
15 7 8 16 11 11 95 13 39 69 
180 2 171 5 175 3 137 14 17 31 
134 2 116 7 125 4 185 18 46 102 
103 2 86 9 94 5 208 22 50 113 
1 2 1 2 1 2 0 0 1 1 
44 20 33 26 38 23 96 13 38 70 
164 17 152 24 158 20 255 36 43 85 
25 14 16 22 20 18 94 14 41 74 
148 11 134 18 140 14 184 20 49 93 
179 10 169 18 174 13 143 20 46 83 
3 10 1 17 2 13 39 5 14 19 
186 9 186 17 186 13 5 1 9 9 
84 9 66 15 75 12 169 24 53 103 
115 8 97 12 106 10 160 22 48 95 
173 2 173 2 173 2 4 4 1 1 
166 2 151 6 159 3 155 23 29 57 
1 2 1 2 1 2 0 0 1 1 
186 57 186 57 186 57 0 0 1 1 
183 56 182 57 182 56 6 2 3 3 
185 28 184 31 184 29 4 2 6 6 
13 22 4 28 8 24 122 11 34 59 
1 22 1 32 1 27 0 0 11 11 
131 21 118 29 124 24 245 46 45 106 
181 18 179 21 180 19 11 6 6 6 
185 16 184 20 184 17 11 7 7 7 
114 16 100 24 106 19 101 24 53 109 
150 14 139 23 144 18 107 23 49 98 
51 12 34 18 42 14 165 27 52 109 
82 11 64 17 72 14 98 22 54 123 
186 9 186 9 186 9 2 2 1 1 
173 8 165 19 169 13 236 46 45 96 
147 5 145 7 146 5 5 3 5 5 
185 2 183 6 184 3 2 0 7 8 
167 2 159 3 163 2 23 9 12 16 
145 2 142 3 143 2 13 4 4 6 
136 2 121 13 128 7 107 26 65 149 
1 2 1 2 1 2 0 0 1 1 
169 52 168 53 168 52 3 1 4 4 
173 32 172 34 172 32 0 0 4 4 
172 25 171 30 171 27 12 5 9 10 
169 24 168 26 168 25 12 7 4 4 
114 24 102 31 108 27 255 35 45 89 
97 18 83 25 89 21 187 21 50 96 
134 17 125 25 129 21 172 24 38 74 
174 15 172 24 173 19 17 7 18 18 
160 12 152 21 155 16 255 46 36 73 
64 12 47 17 55 14 206 18 53 97 
34 12 19 17 26 14 228 27 44 89 
171 9 170 12 170 10 19 15 7 7 
139 7 138 8 138 7 8 5 3 3 
120 4 106 15 113 9 175 26 60 119 
178 2 173 12 176 6 16 5 25 30 
171 2 169 4 170 2 23 17 3 5 
156 2 147 6 151 3 255 51 18 40 
135 2 127 11 131 5 33 5 23 27 
1 2 1 2 1 2 0 0 1 1 
102 34 90 42 95 38 243 47 45 101 
164 33 161 42 162 37 10 2 14 14 
158 31 157 33 157 32 11 6 4 4 
122 27 113 36 117 31 117 25 42 87 
85 27 71 36 78 31 107 26 54 114 
165 22 163 30 163 26 12 4 21 21 
149 20 142 31 145 25 255 46 41 89 
53 19 37 26 45 22 106 25 51 115 
186 18 186 18 186 18 1 1 1 1 
123 16 122 18 122 16 5 3 5 5 
25 15 11 21 17 18 195 29 44 96 
109 14 95 26 102 19 119 29 66 139 
118 6 117 7 117 6 4 2 3 3 
171 2 164 17 167 8 19 4 52 74 
146 2 134 16 140 8 255 78 54 141 
1 2 1 2 1 2 0 0 1 1 
150 66 149 67 149 66 0 0 3 3 
152 58 151 59 151 58 0 0 3 3 
155 38 152 50 153 43 6 1 16 16 
90 37 78 45 84 41 255 37 47 89 
148 34 147 36 147 35 9 4 4 4 
112 31 102 39 107 35 175 25 40 79 
73 29 60 37 66 33 201 23 47 87 
157 26 154 35 155 30 22 7 26 27 
139 24 132 34 135 29 254 47 41 82 
153 21 152 22 152 21 16 14 3 3 
42 18 27 26 34 21 197 20 54 99 
99 16 85 27 92 21 177 29 59 120 
115 12 108 23 111 17 9 3 23 23 
17 11 4 18 10 14 202 28 46 93 
165 4 158 22 161 13 18 5 66 73 
164 2 164 2 164 2 7 7 1 1 
160 2 160 2 160 2 9 9 1 1 
137 2 127 19 132 10 255 67 63 159 
1 2 1 2 1 2 0 0 1 1 
134 33 133 35 133 34 2 0 4 4 
133 29 132 31 132 30 7 3 5 5 
67 26 56 38 61 31 217 49 58 133 
139 20 136 28 137 23 12 4 15 16 
89 19 81 32 84 25 97 27 46 106 
50 19 38 31 44 24 83 28 58 145 
150 9 8 11 17 10 67 5 22 33 
77 4 8 19 39 11 95 31 71 182 
150 2 65 20 96 13 93 24 71 134 
121 2 110 28 115 14 255 55 97 210 
1 2 1 2 1 2 0 0 1 1 
123 55 116 56 119 55 5 1 10 10 
122 35 120 42 121 38 3 0 12 12 
55 27 44 35 49 31 255 39 47 91 
162 26 160 27 161 26 4 2 4 4 
128 24 124 33 126 29 13 4 25 30 
78 22 69 31 73 26 178 26 39 77 
108 20 101 30 104 24 255 44 39 79 
40 17 27 26 33 21 194 24 52 100 
130 13 129 15 129 14 17 14 4 4 
140 9 135 22 136 16 16 7 28 31 
145 8 141 16 142 12 32 2 19 21 
67 4 56 18 61 10 183 30 59 120 
113 2 103 15 107 8 255 74 46 120 
86 2 86 2 86 2 11 11 1 1 
85 2 80 15 82 7 18 3 20 22 
15 2 1 10 8 5 186 20 47 97 
128 36 126 38 127 37 11 3 5 5 
133 32 131 34 131 33 5 2 6 6 
60 31 49 39 54 34 255 39 41 87 
134 27 133 31 133 29 13 4 8 8 
84 25 74 34 78 29 165 24 48 87 
114 22 107 32 110 27 255 51 38 86 
44 21 31 30 37 25 207 23 49 95 
145 19 143 22 143 20 8 2 8 8 
134 16 133 17 133 16 14 12 3 3 
72 7 59 20 65 13 161 29 63 127 
150 6 140 18 144 11 26 5 40 48 
18 5 5 14 11 9 191 19 51 93 
89 4 85 16 87 9 5 2 18 18 
151 2 145 3 148 2 7 2 6 10 
118 2 107 16 112 8 255 82 44 136 
1 2 1 2 1 2 0 0 1 1 
1 39 1 39 1 39 0 0 1 1 
1 37 1 37 1 37 0 0 1 1 
115 27 99 35 107 30 247 47 60 128 
96 20 78 28 86 24 109 26 57 131 
178 18 177 19 177 18 5 3 3 3 
171 18 170 20 170 19 8 4 5 5 
137 18 123 27 130 22 95 27 57 125 
59 15 39 20 49 17 152 22 56 116 
29 14 13 20 20 17 210 25 51 99 
163 9 154 21 158 15 236 56 49 122 
182 2 179 3 180 2 12 4 4 6 
172 2 172 2 172 2 10 10 1 1 
155 2 149 2 152 2 9 6 7 7 
121 2 102 14 111 7 105 31 80 195 
1 2 1 2 1 2 0 0 1 1 
28 26 19 32 23 29 118 8 31 57 
155 19 142 27 148 22 255 40 49 97 
12 19 4 26 7 22 96 12 32 57 
135 14 120 21 127 17 173 26 50 104 
63 14 48 21 55 17 213 26 47 101 
97 11 78 16 87 13 163 24 54 115 
172 8 162 17 166 12 184 24 42 84 
156 2 146 4 151 2 109 7 16 25 
37 2 27 4 31 2 81 5 16 25 
1 2 1 2 1 2 0 0 1 1 
127 30 113 38 120 33 255 44 56 111 
186 25 186 29 186 27 8 3 5 5 
107 24 90 32 99 27 141 25 57 112 
6 23 1 31 3 27 100 13 22 38 
184 22 184 23 184 22 2 1 2 2 
148 20 136 29 141 24 120 28 47 99 
70 19 51 24 60 21 178 23 53 112 
38 19 22 24 30 21 223 27 45 92 
181 18 178 23 179 20 17 6 11 11 
186 12 184 18 185 15 9 2 13 13 
172 8 164 20 168 13 247 52 46 105 
131 4 114 16 122 10 134 33 69 158 
1 2 1 2 1 2 0 0 1 1 
74 41 59 50 66 45 254 46 55 121 
98 36 84 45 91 40 101 29 52 118 
129 30 118 41 123 35 223 54 55 127 
57 29 39 40 48 34 151 23 72 141 
86 16 69 30 77 22 118 33 80 181 
166 14 152 24 160 18 90 14 60 81 
154 13 154 13 154 13 8 8 1 1 
160 11 159 12 159 11 5 2 3 3 
27 9 11 22 18 15 189 17 68 121 
129 4 119 23 123 13 255 93 66 214 
8 2 1 9 4 5 98 19 21 44 
85 39 82 41 83 39 13 2 7 7 
94 30 91 37 92 33 6 2 15 15 
110 25 108 27 108 25 1 0 5 5 
73 22 64 32 68 27 255 52 44 96 
18 21 8 31 13 25 255 44 45 96 
41 19 33 30 36 24 162 28 48 91 
96 17 95 18 95 17 4 3 3 3 
121 14 106 26 115 21 119 14 56 81 
10 4 1 16 5 10 144 27 49 100 
88 2 72 16 79 8 255 77 67 166 
37 2 29 11 33 6 168 37 29 72 
1 2 1 2 1 2 0 0 1 1 
83 44 79 48 81 46 9 4 14 15 
92 35 88 44 90 40 11 3 24 25 
72 27 63 38 67 32 255 47 51 98 
106 25 104 30 104 27 16 11 8 8 
99 24 98 25 98 24 19 16 3 3 
120 23 32 24 40 23 13 5 12 14 
39 23 8 34 31 28 191 28 43 86 
112 21 8 34 16 28 255 49 42 86 
120 18 106 32 114 27 103 14 61 90 
54 6 53 9 53 7 3 2 5 5 
9 4 1 18 5 10 141 26 52 111 
87 2 71 21 78 11 255 67 80 203 
36 2 28 14 32 7 189 41 35 84 
1 2 1 2 1 2 4 4 1 1 
102 37 99 39 100 37 9 2 7 7 
110 27 109 32 109 29 6 1 7 7 
31 24 19 34 25 28 255 43 54 106 
89 20 80 31 84 25 255 53 49 101 
54 20 46 31 49 25 157 30 44 91 
128 18 124 22 126 20 5 1 10 10 
134 12 131 18 133 14 7 1 13 13 
18 9 7 21 12 14 187 25 57 106 
130 8 121 17 124 13 17 6 23 24 
99 2 86 13 91 6 255 73 47 123 
67 2 64 4 65 2 14 4 5 7 
47 2 36 12 42 6 177 36 42 95 
1 2 1 2 1 2 0 0 1 1 
59 90 54 92 56 91 0 0 9 9 
136 26 132 29 133 27 13 3 10 10 
61 21 47 30 53 25 255 45 57 117 
144 15 140 24 142 19 11 2 23 24 
86 14 75 24 80 19 142 29 52 107 
42 12 27 20 34 16 193 27 51 105 
120 10 111 21 115 15 252 59 48 109 
162 2 158 5 160 3 3 0 6 8 
161 2 150 8 154 4 16 3 21 24 
120 2 115 2 117 2 9 6 6 6 
73 2 61 7 67 4 156 34 29 59 
15 2 1 8 8 4 164 20 37 81 
150 104 149 106 149 105 13 10 4 4 
155 100 154 106 154 103 11 6 10 10 
171 52 170 54 170 52 1 0 4 4 
178 49 176 50 177 49 0 0 4 4 
167 21 166 22 166 21 10 7 3 3 
174 20 171 28 172 23 7 1 16 16 
101 20 87 29 93 24 255 45 59 116 
79 13 63 21 71 17 160 26 56 113 
125 11 113 21 119 15 157 28 53 107 
14 9 1 16 7 12 185 25 46 94 
41 8 25 13 32 10 182 19 46 99 
178 7 173 19 175 12 13 3 41 47 
156 4 149 16 152 9 255 56 41 101 
171 2 171 2 171 2 14 14 1 1 
108 2 96 5 102 3 155 25 21 41 
1 2 1 2 1 2 0 0 1 1 
143 25 139 26 140 25 7 2 7 7 
59 23 44 32 51 27 255 47 59 122 
139 22 138 23 138 22 4 2 4 4 
144 21 143 22 143 21 6 5 3 3 
85 16 73 27 78 21 124 30 55 120 
120 13 110 24 115 18 248 64 48 123 
41 12 25 22 32 17 202 26 59 120 
169 2 150 12 160 6 112 21 74 133 
123 2 112 4 117 2 49 13 18 29 
72 2 59 9 66 5 145 34 39 86 
14 2 1 7 8 4 144 21 31 65 
90 36 86 39 87 37 11 2 10 10 
102 26 95 34 99 30 53 6 22 29 
78 17 67 29 72 22 255 55 53 118 
17 17 7 29 11 23 255 53 55 113 
41 15 33 26 36 20 148 36 43 96 
134 12 117 23 125 18 109 21 70 119 
110 11 109 12 109 11 13 11 3 3 
125 7 115 14 119 10 15 6 18 18 
89 2 77 9 82 4 255 66 36 81 
37 2 29 4 33 2 97 11 13 23 
8 2 1 13 4 7 123 27 35 79 
70 73 69 74 69 73 1 0 3 3 
53 43 52 44 52 43 6 5 3 3 
78 40 75 46 77 42 5 2 16 18 
86 38 84 40 84 38 6 2 5 5 
90 29 88 38 89 33 10 2 18 18 
114 21 109 25 111 22 2 0 14 14 
118 20 117 22 117 20 2 0 4 4 
66 20 56 32 61 26 255 50 53 111 
30 15 24 27 27 20 205 33 39 84 
9 14 1 27 5 20 255 55 47 105 
117 12 105 19 110 15 17 4 18 18 
186 2 185 6 185 3 0 0 5 6 
83 2 69 11 74 5 255 71 42 108 
48 2 48 2 48 2 5 5 1 1 
29 2 24 2 26 2 9 4 6 6 
3 2 1 6 2 3 2 0 6 7 
110 32 105 37 107 34 12 2 12 12 
31 21 19 31 24 26 255 49 50 111 
121 20 116 30 118 24 5 1 21 23 
56 15 46 27 50 21 161 33 53 111 
94 14 84 27 89 20 255 56 56 126 
121 10 120 11 120 10 13 11 3 3 
142 9 137 12 139 10 5 0 10 10 
146 8 145 9 145 8 0 0 3 3 
16 6 5 17 10 11 189 28 50 103 
125 5 124 7 124 6 15 12 4 4 
148 4 147 5 147 4 0 0 3 3 
138 2 132 8 134 4 17 7 14 15 
100 2 90 4 95 2 49 12 20 27 
68 2 68 2 68 2 0 0 1 1 
47 2 38 5 42 3 165 23 17 31 
1 2 1 2 1 2 0 0 1 1 
119 25 118 27 118 26 0 0 4 4 
118 18 114 23 116 20 4 0 14 14 
35 13 23 23 28 17 255 43 53 107 
131 6 122 17 127 11 14 3 37 39 
61 4 51 15 56 9 213 33 50 101 
102 2 92 14 96 7 255 57 43 106 
18 2 5 12 11 6 206 26 50 114 
1 2 1 2 1 2 3 3 1 1 
121 23 117 30 119 25 10 1 20 21 
129 19 127 21 128 20 1 0 5 5 
37 16 25 26 30 21 255 44 49 103 
133 9 129 19 131 13 6 1 24 25 
63 8 53 19 57 13 222 33 48 99 
20 5 7 15 13 9 213 26 53 105 
103 4 95 18 98 10 255 53 54 116 
152 2 146 4 148 2 27 10 7 13 
1 2 1 2 1 2 2 2 1 1 
108 57 107 58 107 57 1 0 3 3 
112 53 111 54 111 53 0 0 3 3 
108 53 107 54 107 53 1 0 3 3 
115 25 111 30 113 27 7 2 14 15 
124 22 122 23 123 22 0 0 5 5 
31 17 19 27 25 22 255 48 51 110 
128 11 125 21 126 15 13 2 20 21 
57 9 47 21 52 14 192 35 52 112 
98 6 88 20 93 12 255 57 61 130 
16 4 4 14 9 9 182 27 56 105 
151 2 145 5 147 2 10 0 12 16 
142 2 142 2 142 2 8 8 1 1 
127 2 127 2 127 2 11 11 1 1 
1 2 1 2 1 2 0 0 1 1 
82 57 81 58 81 57 0 0 3 3 
87 30 84 32 85 31 5 1 8 9 
97 26 96 27 96 26 1 0 3 3 
103 16 100 25 101 21 7 1 15 16 
10 10 1 23 5 16 255 60 49 112 
74 8 62 22 67 14 255 66 60 151 
131 7 125 10 127 8 8 0 17 17 
139 5 135 7 136 5 0 0 6 6 
34 5 25 19 29 11 163 38 52 118 
123 2 120 5 121 3 19 12 8 11 
1 2 1 2 1 2 0 0 1 1 
36 65 34 67 35 66 2 1 5 5 
42 54 41 55 41 54 0 0 3 3 
38 54 37 55 37 54 0 0 3 3 
47 24 43 28 45 26 9 2 15 15 
64 13 55 23 61 18 7 1 29 31 
103 7 102 8 102 7 0 0 3 3 
98 7 91 10 94 8 3 0 16 16 
91 2 89 2 90 2 10 8 3 3 
42 2 27 13 33 7 255 72 52 135 
8 2 1 5 4 3 83 9 15 24 
67 88 62 89 64 88 0 0 8 8 
32 64 31 65 31 64 0 0 3 3 
45 21 38 28 42 24 8 1 18 18 
56 19 52 21 54 19 7 1 8 8 
63 9 59 18 61 14 7 2 18 19 
87 6 86 7 86 6 14 10 3 3 
104 4 103 5 103 4 1 0 3 3 
97 2 89 7 92 5 16 0 22 24 
87 2 87 2 87 2 11 11 1 1 
39 2 25 11 30 5 255 59 44 104 
1 2 1 2 1 2 0 0 1 1 
41 25 38 26 39 25 5 2 5 5 
70 19 66 23 68 20 9 1 11 11 
87 5 79 17 84 11 9 1 26 30 
82 2 82 2 82 2 3 3 1 1 
58 2 45 12 50 6 255 62 44 107 
19 2 9 10 14 5 171 37 33 75 
1 2 1 2 1 2 0 0 1 1 
87 20 83 24 85 21 8 2 14 14 
97 15 95 18 96 16 1 0 8 8 
8 9 1 20 4 15 255 61 36 76 
186 8 186 15 186 11 2 0 8 8 
103 5 99 15 101 9 13 3 27 28 
124 2 119 3 121 2 52 30 3 7 
72 2 60 13 64 7 255 69 45 118 
29 2 20 13 25 7 209 42 38 96 
1 2 1 2 1 2 1 1 1 1 
110 18 105 24 107 20 14 2 13 13 
23 15 10 25 16 19 255 48 55 115 
47 4 36 16 41 10 198 38 53 116 
8 4 1 13 4 9 154 24 34 63 
186 3 186 8 186 5 0 0 6 6 
125 2 117 16 121 8 24 5 32 41 
90 2 80 14 84 7 255 78 41 118 
1 2 1 2 1 2 0 0 1 1 
167 117 164 118 165 117 0 0 4 4 
159 84 158 85 158 84 0 0 3 3 
49 18 33 27 40 22 255 52 63 132 
137 15 134 20 135 17 4 1 11 11 
27 10 12 18 19 14 207 27 54 107 
74 6 59 17 66 11 154 38 63 123 
151 2 147 7 148 3 21 3 14 17 
116 2 104 12 110 6 255 77 42 106 
1 2 1 2 1 2 0 0 1 1 
164 54 163 55 163 54 0 0 3 3 
168 14 167 15 167 14 1 0 3 3 
76 11 60 19 67 15 255 53 54 123 
50 8 33 14 41 10 208 27 53 105 
16 8 2 14 9 11 133 19 48 93 
165 4 161 11 163 7 10 1 20 21 
102 2 85 8 94 4 182 37 40 93 
1 2 1 2 1 2 0 0 1 1 
1 49 1 51 1 50 2 0 3 3 
98 14 81 22 89 18 255 46 60 128 
33 12 18 17 25 14 139 20 42 88 
71 11 53 17 62 13 187 26 53 112 
179 2 177 8 177 4 13 2 12 14 
121 2 104 10 113 5 213 38 46 115 
1 2 1 2 1 2 0 0 1 1 
13 30 8 34 10 32 59 4 18 28 
39 17 29 23 33 19 202 14 38 65 
132 11 113 19 122 14 255 61 63 153 
63 11 46 18 54 14 154 17 54 103 
104 8 84 15 94 11 139 29 67 139 
153 2 137 5 145 3 128 24 24 51 
1 2 1 2 1 2 0 0 1 1 
19 28 13 33 15 30 113 6 26 36 
43 17 38 21 40 19 121 7 18 27 
136 10 120 19 127 14 255 50 62 129 
67 10 52 17 59 13 132 19 47 96 
20 9 12 16 16 12 151 17 37 64 
108 8 90 14 99 10 170 28 52 119 
156 2 145 4 150 2 200 17 16 29 
1 2 1 2 1 2 0 0 1 1 
20 24 14 30 17 27 72 6 33 46 
139 6 122 15 130 10 255 62 62 148 
69 5 53 13 61 8 89 21 55 121 
22 4 13 13 17 8 135 22 39 80 
158 2 151 2 154 2 3 0 8 8 
112 2 92 10 102 5 110 27 62 166 
1 2 1 2 1 2 0 0 1 1 
27 27 18 34 22 30 146 16 37 67 
49 17 35 26 41 21 107 20 53 109 
90 9 71 17 80 12 117 28 71 148 
118 8 101 16 109 12 255 61 61 147 
1 2 1 2 1 2 0 0 1 1 
25 27 14 35 19 30 172 18 44 77 
48 20 34 27 40 23 157 19 47 93 
89 15 70 20 79 17 172 25 55 115 
117 14 100 21 108 17 255 46 57 122 
137 2 123 5 131 3 207 25 22 41 
1 2 1 2 1 2 0 0 1 1 
6 38 1 43 3 40 83 8 22 35 
27 25 16 32 21 28 204 17 38 74 
50 16 35 24 42 20 185 17 54 101 
10 13 3 19 6 16 119 13 31 49 
121 12 104 19 112 15 255 49 55 122 
92 11 73 17 82 14 195 27 64 121 
140 2 133 2 136 2 9 2 8 8 
1 2 1 2 1 2 0 0 1 1 
12 16 1 23 6 19 127 22 39 79 
102 14 83 23 92 18 255 52 64 142 
73 11 54 17 63 13 192 27 55 117 
33 11 18 17 25 13 154 19 47 92 
126 2 107 10 118 5 172 40 51 128 
1 2 1 2 1 2 0 0 1 1 
73 17 56 26 64 21 255 45 60 128 
168 16 166 19 167 17 2 0 6 6 
46 10 29 17 37 13 227 27 53 109 
165 9 161 16 163 12 8 0 18 20 
13 7 1 13 6 9 131 20 40 83 
172 2 170 5 170 3 8 1 5 8 
168 2 166 3 167 2 12 7 3 4 
142 2 132 6 137 3 255 48 21 45 
99 2 83 14 91 7 208 35 67 149 
1 2 1 2 1 2 0 0 1 1 
58 15 43 25 50 20 255 46 58 123 
156 11 148 23 152 16 11 1 33 35 
34 8 18 15 26 11 226 29 55 106 
162 6 160 9 160 7 2 0 8 9 
186 3 186 6 186 4 0 0 4 4 
166 2 164 5 164 3 2 0 7 8 
155 2 155 2 155 2 9 9 1 1 
129 2 120 8 124 4 255 54 25 52 
85 2 71 14 78 7 212 38 63 135 
5 2 1 8 2 4 58 4 14 28 
66 19 50 28 58 23 255 46 60 130 
161 11 155 20 158 15 15 1 26 27 
41 11 24 19 33 14 228 27 54 111 
186 6 186 10 186 8 1 0 5 5 
167 6 165 8 165 7 1 0 6 6 
10 6 1 12 4 9 142 22 28 59 
93 4 78 17 85 10 203 36 67 145 
170 2 167 4 168 2 5 1 6 7 
164 2 159 4 161 2 11 4 7 13 
136 2 126 9 131 5 255 64 26 71 
1 2 1 2 1 2 2 2 1 1 
15 17 3 24 8 20 136 19 45 85 
105 16 87 24 96 20 255 47 63 138 
37 13 21 18 28 15 153 21 45 93 
77 12 58 18 67 15 201 27 54 119 
129 2 110 10 121 5 193 41 50 130 
1 2 1 2 1 2 0 0 1 1 
14 32 8 36 11 34 98 6 25 35 
37 21 25 27 30 23 191 19 39 75 
61 15 45 21 52 17 182 19 49 98 
132 14 115 22 123 18 255 48 62 134 
103 12 84 18 93 14 203 30 57 119 
19 8 8 18 13 12 151 24 48 97 
153 2 137 6 146 3 195 34 29 62 
1 2 1 2 1 2 0 0 1 1 
30 30 24 35 26 32 121 5 26 39 
54 18 43 25 48 21 204 19 40 77 
79 11 63 18 71 14 174 18 52 100 
150 10 133 18 141 13 255 48 59 131 
122 8 102 13 111 10 181 31 52 120 
32 8 22 18 26 12 198 22 46 89 
1 2 1 2 1 2 0 0 1 1 
29 30 23 35 26 32 112 7 24 40 
53 19 41 26 46 22 205 18 46 82 
78 12 61 19 69 15 155 16 55 105 
148 10 131 18 139 14 255 51 57 127 
120 9 101 14 110 11 148 30 51 118 
31 8 20 18 25 13 193 22 47 92 
165 2 159 2 162 2 6 4 7 7 
1 2 1 2 1 2 0 0 1 1 
14 35 8 40 11 37 108 6 23 36 
37 26 25 33 31 29 210 19 40 75 
131 21 113 30 122 25 255 59 63 144 
61 21 45 28 53 24 132 18 57 105 
102 20 83 26 92 22 131 30 59 134 
20 11 8 20 14 15 171 22 50 94 
150 2 132 13 141 7 151 35 75 173 
1 2 1 2 1 2 0 0 1 1 
112 44 95 52 103 47 255 51 65 132 
84 40 66 46 74 42 178 29 55 116 
45 36 31 41 38 38 195 21 42 85 
3 36 1 40 2 38 44 3 10 15 
186 35 186 39 186 37 0 0 5 5 
23 35 12 39 17 37 229 25 32 60 
170 26 169 27 169 26 1 0 3 3 
133 24 116 34 124 29 197 37 69 143 
175 22 173 24 174 23 2 1 5 5 
13 12 5 18 8 14 174 21 32 60 
99 10 74 21 86 15 195 40 86 202 
179 2 176 6 177 3 11 1 7 9 
162 2 149 11 156 5 255 56 40 98 
1 2 1 2 1 2 0 0 1 1 
89 43 72 52 80 47 255 47 65 135 
62 34 45 43 53 38 208 27 59 123 
113 27 97 38 105 32 196 37 64 142 
27 24 13 31 19 27 192 19 47 91 
186 23 186 23 186 23 10 10 1 1 
8 20 1 26 4 23 168 27 24 50 
186 19 186 21 186 20 15 11 3 3 
171 15 168 21 168 18 8 1 16 18 
83 5 59 19 71 12 192 38 93 205 
172 4 168 9 170 6 7 1 11 13 
149 4 137 22 143 12 255 62 76 178 
172 2 172 2 172 2 3 3 1 1 
103 2 103 2 103 2 0 0 1 1 
1 2 1 2 1 2 0 0 1 1 
60 41 44 53 52 47 255 45 67 139 
150 33 146 42 148 36 7 1 20 20 
87 30 72 44 79 37 192 36 72 151 
38 26 23 38 30 32 206 26 65 127 
127 18 119 35 123 26 255 72 56 153 
160 10 153 27 157 17 19 2 40 42 
12 5 1 16 6 10 138 18 53 97 
87 2 85 6 86 3 16 5 7 8 
64 2 45 19 55 10 200 44 82 182 
1 2 1 2 1 2 0 0 1 1 
138 38 134 44 136 40 2 0 13 13 
45 36 32 47 38 41 255 46 54 119 
147 30 145 33 145 31 0 0 7 7 
73 27 61 41 66 34 218 36 64 131 
116 19 108 37 111 27 255 59 66 147 
26 17 14 30 19 23 198 26 58 117 
151 15 145 27 148 20 9 0 26 27 
162 2 158 2 160 2 25 22 4 5 
114 2 110 2 112 2 10 6 5 5 
79 2 79 2 79 2 1 1 1 1 
55 2 42 13 49 6 203 39 49 110 
8 2 1 4 4 2 53 3 13 19 
144 73 143 74 143 73 0 0 3 3 
50 34 36 46 42 39 255 48 61 127 
144 32 140 38 142 34 13 1 19 22 
151 25 149 27 150 26 0 0 6 6 
77 24 65 38 71 30 207 38 61 134 
29 18 16 30 22 23 202 27 58 115 
146 17 146 18 146 17 5 3 2 2 
120 14 112 32 115 22 255 59 66 157 
155 11 149 22 152 16 23 1 26 26 
57 2 44 11 52 5 201 38 43 97 
8 2 1 7 4 4 105 15 20 38 
63 32 48 43 55 37 255 44 61 131 
158 29 157 30 157 29 2 0 3 3 
156 22 152 29 154 25 8 0 17 18 
39 20 24 30 31 25 207 28 56 116 
90 19 76 32 83 25 207 36 68 138 
157 11 156 12 156 11 6 5 3 3 
11 7 1 15 5 11 171 20 37 69 
131 5 123 23 127 14 255 62 61 150 
166 2 159 16 162 6 59 6 32 39 
66 2 52 8 59 4 201 36 36 77 
1 2 1 2 1 2 0 0 1 1 
55 21 39 32 47 26 255 43 70 135 
153 17 147 23 149 20 5 0 20 22 
31 10 16 20 23 14 221 28 59 115 
83 7 69 21 75 14 215 36 70 142 
166 2 157 16 161 10 64 11 49 70 
128 2 118 15 122 8 255 70 41 117 
5 2 1 6 2 3 63 5 10 18 
140 17 133 27 136 20 6 1 27 28 
38 15 24 26 31 20 255 46 57 126 
158 2 158 2 158 2 16 16 1 1 
155 2 145 17 150 10 76 13 60 84 
147 2 147 2 147 2 3 3 1 1 
115 2 105 13 109 6 255 66 41 101 
67 2 53 16 60 8 227 37 68 143 
18 2 4 13 11 7 213 26 53 120 
1 2 1 2 1 2 1 1 1 1 
34 103 22 105 27 104 2 0 14 14 
72 101 71 102 71 101 0 0 3 3 
19 101 17 102 17 101 1 0 4 4 
86 94 85 95 85 94 0 0 3 3 
93 89 92 90 92 89 0 0 3 3 
171 75 170 77 170 76 0 0 4 4 
135 13 128 20 132 16 4 0 23 23 
32 11 18 22 24 16 255 45 61 123 
157 2 157 2 157 2 18 18 1 1 
154 2 142 14 147 9 88 14 46 66 
142 2 142 2 142 2 7 7 1 1 
110 2 100 8 104 4 255 49 27 59 
61 2 49 11 56 5 231 40 39 91 
14 2 1 9 7 4 191 30 37 86 
62 118 62 118 62 118 0 0 1 1 
127 18 118 28 123 22 10 0 31 35 
23 10 10 23 16 16 255 47 65 127 
135 6 133 7 134 6 12 5 4 4 
145 2 133 19 139 11 74 10 63 86 
103 2 92 12 96 6 255 65 38 102 
51 2 40 13 46 7 229 46 41 101 
9 2 1 7 4 4 120 19 20 37 
131 19 125 26 128 22 6 0 19 19 
27 14 14 26 20 19 255 47 66 130 
157 2 155 4 155 2 20 17 3 6 
152 2 141 16 146 8 27 3 43 52 
143 2 141 3 141 2 10 4 4 5 
134 2 134 2 134 2 6 6 1 1 
108 2 96 14 101 7 255 72 48 126 
56 2 43 16 50 8 223 48 59 137 
12 2 1 10 6 5 162 27 38 79 
56 22 39 32 47 26 255 51 65 141 
163 16 161 19 162 17 2 1 5 5 
31 11 15 20 23 15 224 28 59 117 
159 10 155 17 156 13 4 0 18 19 
84 4 67 18 75 11 191 42 81 177 
3 4 1 9 2 6 10 1 12 14 
186 3 186 7 186 5 0 0 5 5 
168 2 164 5 165 3 27 5 8 12 
132 2 122 9 127 5 255 68 25 72 
1 2 1 2 1 2 0 0 1 1 
153 118 153 118 153 118 1 1 1 1 
69 20 53 30 61 25 255 50 60 132 
41 13 25 21 33 16 224 29 54 112 
9 10 1 15 5 12 151 27 22 51 
186 9 186 13 186 11 4 1 5 5 
174 2 167 11 169 6 19 1 30 35 
143 2 136 2 139 2 6 3 8 8 
97 2 79 15 88 8 230 42 66 161 
1 2 1 2 1 2 0 0 1 1 
157 85 156 86 156 85 0 0 3 3 
66 16 49 25 57 20 255 51 65 137 
38 9 21 16 29 12 217 30 54 112 
7 7 1 12 4 9 91 17 20 39 
186 6 186 11 186 8 4 1 6 6 
174 2 168 9 170 4 22 1 22 26 
95 2 79 10 89 5 219 41 42 101 
1 2 1 2 1 2 0 0 1 1 
82 21 63 30 72 25 255 50 64 146 
51 15 32 22 41 18 174 32 60 130 
15 13 3 19 9 15 108 22 41 82 
178 2 175 4 176 2 20 3 5 7 
109 2 88 13 100 6 228 44 66 161 
1 2 1 2 1 2 0 0 1 1 
8 21 1 27 4 23 144 21 26 50 
97 20 79 28 88 24 255 51 60 139 
26 17 13 22 19 19 186 18 40 77 
65 16 46 22 55 18 215 31 56 122 
123 2 105 8 115 4 219 43 37 88 
1 2 1 2 1 2 0 0 1 1 
8 21 1 27 4 23 140 22 26 51 
99 18 80 27 89 22 255 53 65 147 
26 16 13 22 19 18 156 20 41 82 
66 14 46 20 55 17 201 31 59 125 
126 2 113 5 120 3 219 33 22 42 
1 2 1 2 1 2 0 0 1 1 
82 7 62 16 71 11 255 52 67 155 
11 6 1 14 6 9 111 22 37 76 
48 2 29 9 38 5 214 27 57 153 
1 2 1 2 1 2 0 0 1 1 
71 11 52 21 61 16 255 55 70 157 
39 5 21 12 30 8 220 32 58 120 
6 5 1 10 3 7 107 13 22 34 
186 4 186 8 186 6 0 0 5 5 
179 2 177 5 177 3 9 1 5 8 
103 2 96 3 99 2 6 2 12 13 
1 2 1 2 1 2 0 0 1 1 
68 15 49 25 58 20 255 52 72 154 
37 6 20 14 28 10 216 33 56 112 
5 4 1 9 3 6 82 11 17 27 
186 3 186 7 186 5 0 0 5 5 
177 2 175 6 175 3 12 1 7 10 
101 2 89 7 95 4 224 42 25 49 
1 2 1 2 1 2 0 0 1 1 
87 21 66 31 76 25 255 48 78 166 
53 15 33 22 43 18 216 31 59 133 
16 14 4 19 10 16 127 21 38 78 
116 2 98 9 108 4 218 44 43 106 
1 2 1 2 1 2 0 0 1 1 
17 28 8 34 12 31 123 16 32 63 
112 24 91 32 101 27 255 53 69 160 
36 24 22 30 29 27 122 20 43 88 
77 22 56 27 66 24 204 34 55 129 
186 11 186 19 186 15 3 0 9 9 
5 11 1 20 2 15 99 17 21 34 
135 2 119 6 128 3 201 36 25 59 
1 2 1 2 1 2 0 0 1 1 
21 42 18 46 19 44 49 5 9 15 
40 33 30 39 34 35 169 15 41 66 
59 25 46 33 52 28 177 15 52 84 
20 22 12 30 15 25 138 19 39 71 
102 17 80 25 91 20 175 31 74 155 
138 16 116 23 127 19 255 65 67 172 
1 2 1 2 1 2 0 0 1 1 
45 43 40 47 42 45 67 4 19 30 
62 33 53 39 57 35 161 15 31 60 
39 25 31 33 34 28 164 19 37 68 
82 24 68 32 74 27 163 16 52 94 
123 12 102 20 112 16 209 30 70 145 
157 8 138 15 147 11 255 55 74 150 
1 2 1 2 1 2 0 0 1 1 
43 41 41 45 42 43 54 6 6 9 
14 36 11 40 12 38 54 4 8 12 
62 31 53 37 57 33 146 18 33 63 
38 23 31 31 34 27 156 21 32 64 
82 21 68 30 74 25 138 17 54 101 
14 17 8 27 11 21 125 17 43 72 
124 10 103 18 113 13 199 32 66 145 
159 6 139 13 148 9 255 52 59 143 
1 2 1 2 1 2 0 0 1 1 
13 32 11 36 12 34 53 5 6 9 
46 22 36 28 41 25 175 16 36 65 
2 16 1 19 1 17 0 0 4 5 
23 14 15 23 18 18 144 18 41 74 
65 12 52 20 58 16 173 17 47 88 
186 11 186 19 186 15 3 1 9 9 
148 2 127 10 137 5 255 51 69 175 
111 2 88 10 99 5 211 30 61 150 
1 2 1 2 1 2 0 0 1 1 
24 22 15 29 19 25 129 16 38 66 
186 15 186 15 186 15 0 0 1 1 
45 14 30 21 37 17 133 19 49 96 
7 11 1 20 4 15 101 25 29 59 
128 7 105 15 116 11 255 56 76 173 
90 6 67 12 79 9 209 31 69 143 
1 2 1 2 1 2 0 0 1 1 
4 18 1 24 2 20 123 16 14 23 
186 17 186 23 186 20 1 0 7 7 
100 15 78 25 89 19 255 64 79 188 
21 12 9 18 15 15 176 18 41 71 
63 10 42 17 52 13 200 35 67 147 
127 2 122 2 124 2 1 0 6 6 
1 2 1 2 1 2 0 0 1 1 
75 20 55 31 64 25 255 56 73 170 
43 9 24 18 33 13 222 33 62 132 
186 3 186 3 186 3 0 0 1 1 
180 2 178 4 178 2 4 0 4 6 
110 2 93 12 102 6 206 50 53 124 
10 2 1 9 5 5 108 16 27 64 
167 15 161 20 163 17 1 0 15 15 
47 11 30 24 38 17 255 56 72 163 
175 5 170 11 172 7 88 8 26 38 
142 2 131 9 135 5 255 57 32 80 
87 2 74 10 81 5 206 49 36 93 
24 2 14 5 19 3 194 21 18 34 
1 2 1 2 1 2 0 0 1 1 
148 24 139 30 143 26 2 0 21 22 
167 16 164 18 165 17 1 0 6 6 
160 16 154 21 156 18 84 8 24 35 
169 8 161 14 164 10 26 8 26 28 
176 2 173 11 174 6 7 1 21 22 
130 2 113 15 120 7 255 64 64 159 
68 2 59 9 63 5 213 45 25 64 
28 2 14 18 21 9 255 52 67 161 
1 2 1 2 1 2 1 1 1 1 
148 25 141 30 144 27 1 0 17 17 
159 18 154 23 156 20 98 9 19 29 
166 9 161 13 163 11 23 5 16 18 
175 2 172 12 173 6 17 4 21 24 
131 2 114 17 121 8 255 70 67 177 
68 2 59 11 63 6 209 49 31 81 
28 2 15 19 21 10 255 52 71 166 
1 2 1 2 1 2 0 0 1 1 
55 10 35 23 45 16 255 62 79 184 
173 8 167 16 170 11 3 0 18 18 
181 2 177 4 179 3 34 5 7 11 
146 2 138 3 141 2 7 3 12 15 
95 2 82 6 88 3 159 37 23 55 
28 2 12 7 21 3 219 30 33 67 
1 2 1 2 1 2 0 0 1 1 
11 23 1 30 5 26 93 17 40 78 
109 19 84 28 96 23 255 55 83 194 
28 18 14 25 20 21 94 20 53 106 
71 16 47 22 59 18 203 33 69 156 
1 2 1 2 1 2 0 0 1 1 
46 35 35 41 40 38 106 18 41 78 
66 27 50 34 57 30 112 18 53 104 
25 24 15 33 20 28 97 20 47 91 
109 16 85 24 96 19 206 30 75 164 
186 15 186 22 186 18 4 1 8 8 
5 14 1 25 2 19 79 21 25 48 
146 13 123 20 134 16 255 66 64 183 
10 2 1 7 5 3 64 11 23 40 
93 28 83 35 87 31 155 14 39 71 
66 24 58 32 61 27 123 21 37 74 
39 23 31 31 34 26 107 20 36 72 
110 17 97 26 103 21 159 17 49 96 
34 4 26 17 30 10 133 28 49 109 
149 2 128 10 136 5 211 36 55 129 
1 2 1 2 1 2 0 0 1 1 
101 29 96 34 98 31 1 0 16 16 
116 17 107 25 111 20 175 15 36 64 
60 15 52 23 55 19 126 19 38 70 
88 13 81 22 84 18 166 20 35 65 
133 5 120 15 126 10 170 16 57 101 
52 2 41 11 47 5 157 29 39 89 
31 2 27 4 28 2 2 0 7 8 
1 2 1 2 1 2 0 0 1 1 
109 27 105 31 107 29 70 3 16 25 
124 15 116 22 119 18 186 17 34 62 
67 13 59 21 63 17 164 17 38 67 
96 11 89 20 92 15 179 18 39 69 
141 2 129 12 134 7 168 16 46 92 
59 2 48 9 54 4 179 26 29 65 
34 2 32 2 33 2 0 0 3 3 
1 2 1 2 1 2 0 0 1 1 
94 28 90 32 92 30 82 3 16 25 
1 18 1 18 1 18 0 0 1 1 
126 16 118 23 122 19 164 18 32 62 
69 14 61 22 65 18 167 17 36 66 
98 12 92 21 94 16 178 20 35 65 
142 4 131 13 136 8 176 19 45 87 
61 2 49 10 55 5 179 27 35 80 
37 2 34 3 35 2 2 0 5 6 
12 2 12 2 12 2 4 4 1 1 
1 2 1 2 1 2 0 0 1 1 
116 32 112 36 114 34 82 3 16 25 
99 32 95 36 97 34 70 3 16 25 
131 19 123 26 127 22 166 18 32 60 
74 18 66 26 70 22 168 17 37 67 
103 16 96 25 99 20 167 18 39 65 
14 12 11 14 12 13 3 0 6 6 
146 6 135 16 140 11 160 18 49 92 
38 6 37 7 37 6 0 0 3 3 
10 5 9 6 9 5 1 0 3 3 
16 4 15 5 15 4 6 3 3 3 
44 3 40 5 42 4 2 0 7 7 
65 2 54 14 59 7 177 24 56 110 
49 2 46 3 47 2 2 0 4 5 
1 2 1 2 1 2 0 0 1 1 
113 33 109 37 111 35 69 3 16 25 
128 20 120 27 124 23 168 17 33 62 
71 19 64 27 67 22 164 18 34 63 
100 17 94 25 96 20 175 21 30 60 
144 7 132 17 137 11 171 17 51 96 
63 2 52 14 57 7 187 24 55 111 
48 2 42 4 44 2 10 1 8 12 
1 2 1 2 1 2 0 0 1 1 
118 28 108 36 113 31 176 15 44 74 
90 25 83 34 86 29 139 20 36 71 
62 25 54 34 57 29 112 20 39 74 
134 15 121 25 127 20 165 15 56 101 
54 8 44 21 49 14 140 27 52 115 
43 6 28 11 35 8 4 0 20 20 
158 2 147 5 151 3 167 15 20 35 
67 2 67 2 67 2 0 0 1 1 
62 2 61 2 61 2 0 0 2 2 
58 2 57 2 57 2 2 2 2 2 
1 2 1 2 1 2 0 0 1 1 
89 39 79 46 84 42 160 11 43 60 
63 33 55 42 58 37 137 19 40 76 
36 29 28 38 32 33 113 19 40 74 
107 27 93 37 100 31 154 16 57 97 
32 9 25 23 28 16 148 27 49 108 
144 8 125 20 134 13 192 33 74 162 
30 5 28 6 28 5 1 0 4 4 
23 5 13 7 18 6 7 1 13 13 
174 2 155 7 163 3 255 58 37 87 
1 2 1 2 1 2 0 0 1 1 
59 51 49 57 54 54 142 15 38 65 
78 43 64 51 70 47 142 17 52 95 
36 39 28 47 31 43 129 20 37 72 
119 30 98 39 108 34 203 32 69 150 
14 26 8 36 10 30 117 17 37 70 
154 21 134 30 144 25 255 55 70 162 
87 2 71 6 77 3 184 33 30 61 
24 2 24 2 24 2 0 0 1 1 
20 2 11 18 15 9 128 24 58 127 
1 2 1 2 1 2 0 0 1 1 
17 49 13 53 15 51 58 3 16 25 
34 43 25 48 29 45 135 19 30 56 
54 38 40 44 46 40 135 19 46 90 
97 31 76 38 86 34 205 33 65 143 
134 30 113 36 123 32 255 55 57 151 
17 26 8 34 12 30 121 20 41 76 
2 8 1 14 1 10 13 2 8 13 
186 7 186 14 186 10 0 0 8 8 
146 2 140 2 143 2 1 0 7 7 
1 2 1 2 1 2 0 0 1 1 
107 28 86 37 96 32 255 50 70 161 
11 26 2 31 6 28 131 19 31 59 
71 23 49 30 60 26 202 33 65 148 
29 23 15 29 22 25 129 21 45 88 
133 2 119 10 126 5 220 40 44 108 
1 2 1 2 1 2 0 0 1 1 
88 27 68 37 77 32 255 56 74 165 
53 17 34 26 43 21 216 33 64 140 
16 12 4 18 9 15 153 20 44 81 
119 6 109 15 113 10 200 35 47 97 
1 2 1 2 1 2 0 0 1 1 
72 29 54 41 62 35 255 49 72 161 
107 15 99 22 102 18 214 30 33 67 
41 14 24 25 32 19 221 33 60 135 
176 2 172 11 174 4 2 0 14 17 
154 2 145 8 149 4 255 44 24 55 
11 2 1 9 6 5 148 18 36 78 
74 28 55 40 64 33 255 52 70 167 
43 13 25 24 33 18 223 32 70 139 
109 10 98 20 103 15 208 39 45 101 
177 2 175 9 176 4 10 1 9 10 
155 2 146 6 150 3 255 36 18 37 
11 2 1 10 6 6 139 17 40 86 
11 24 2 31 6 27 105 18 36 72 
110 21 87 30 98 25 255 67 72 192 
29 20 15 26 22 22 120 22 42 90 
73 18 50 24 61 20 198 34 66 150 
135 2 126 3 130 2 8 1 14 18 
1 2 1 2 1 2 0 0 1 1 
60 33 48 40 54 36 109 16 40 75 
36 25 26 33 31 29 92 22 44 91 
79 24 63 32 70 27 119 17 57 107 
13 18 5 28 8 23 86 17 44 78 
122 10 98 19 110 14 205 32 77 166 
158 6 135 13 146 9 255 67 68 180 
16 2 6 11 10 6 99 26 34 78 
1 2 1 2 1 2 0 0 1 1 
87 9 78 16 82 12 110 20 38 72 
32 8 24 17 27 12 159 16 40 69 
60 5 52 14 55 9 129 21 38 73 
107 2 92 7 98 4 104 24 28 70 
28 2 20 4 24 2 78 4 13 21 
1 2 1 2 1 2 0 0 1 1 
25 24 22 28 23 26 49 4 10 18 
43 22 39 26 41 24 75 3 16 25 
76 9 67 16 71 12 171 15 35 66 
22 9 15 17 18 12 153 17 35 64 
49 6 42 14 45 9 171 20 34 64 
96 2 82 7 87 4 180 17 35 65 
19 2 12 4 15 3 69 4 13 18 
1 2 1 2 1 2 0 0 1 1 
39 29 35 33 37 31 56 4 15 25 
56 16 47 23 51 19 122 19 35 69 
31 11 24 20 27 15 122 22 36 72 
8 11 1 20 4 15 105 18 39 75 
77 5 62 14 69 9 122 18 50 106 
8 2 1 4 4 2 49 4 14 19 
17 25 14 29 15 27 51 5 10 18 
34 10 25 18 29 14 127 17 40 74 
12 7 4 16 7 11 108 20 42 79 
56 2 40 7 46 4 117 20 36 76 
1 2 1 2 1 2 0 0 1 1 
9 25 5 29 7 27 63 3 16 25 
25 9 16 16 20 12 153 17 35 66 
186 6 186 15 186 10 2 0 10 10 
4 6 1 16 2 10 84 10 21 30 
41 2 31 4 35 2 132 10 17 26 
1 2 1 2 1 2 0 0 1 1 
12 8 2 17 6 12 107 16 50 87 
24 2 16 3 19 2 0 0 10 15 
1 2 1 2 1 2 0 0 1 1 
3 10 1 16 1 12 32 2 14 18 
186 9 186 15 186 12 0 0 7 7 
17 2 7 5 11 3 80 9 16 27 
1 2 1 2 1 2 0 0 1 1 
13 8 3 17 7 12 102 17 43 84 
24 2 16 3 20 2 0 0 12 16 
1 2 1 2 1 2 0 0 1 1 
52 2 38 10 44 5 89 16 53 104 
25 2 14 11 19 6 81 20 46 93 
1 2 1 2 1 2 0 0 1 1 
99 2 86 6 91 3 103 23 26 60 
69 2 58 5 63 3 87 13 21 36 
40 2 29 9 34 5 95 21 37 81 
1 2 1 2 1 2 0 0 1 1 
129 2 117 7 122 4 131 22 30 60 
98 2 89 3 93 2 7 0 12 18 
69 2 58 6 63 3 115 20 22 45 
1 2 1 2 1 2 0 0 1 1 
115 14 112 15 113 14 0 0 4 5 
96 14 93 15 94 14 0 0 4 5 
134 13 129 17 131 15 53 5 14 24 
115 11 112 12 113 11 0 0 4 5 
96 11 93 12 94 11 0 0 4 5 
149 2 139 8 143 4 135 19 34 65 
119 2 110 4 114 2 101 10 14 26 
90 2 79 5 84 3 117 17 21 34 
20 2 20 2 20 2 0 0 1 1 
12 2 10 3 11 2 1 0 3 4 
1 2 1 2 1 2 0 0 1 1 
157 16 153 20 155 18 88 5 16 25 
169 5 162 12 165 8 185 17 34 57 
177 2 170 3 173 2 1 0 10 14 
143 2 135 5 139 3 156 18 15 30 
115 2 105 5 110 3 137 15 17 27 
1 2 1 2 1 2 0 0 1 1 
160 17 155 21 157 19 58 3 20 30 
171 6 164 12 167 9 184 18 28 52 
179 2 172 4 175 2 77 5 14 21 
145 2 138 6 141 3 149 24 14 32 
117 2 107 6 112 3 149 17 20 39 
1 2 1 2 1 2 0 0 1 1 
147 2 136 10 141 5 110 17 39 87 
118 2 107 6 112 3 99 20 25 48 
89 2 76 7 82 4 102 24 30 65 
1 2 1 2 1 2 0 0 1 1 
110 2 97 6 102 3 100 25 27 61 
79 2 68 4 73 2 68 10 17 32 
50 2 38 7 44 4 97 27 27 65 
1 2 1 2 1 2 0 0 1 1 
9 6 1 15 5 10 73 16 40 69 
64 2 49 8 55 4 95 22 38 84 
35 2 23 8 28 4 82 26 28 73 
1 2 1 2 1 2 0 0 1 1 
186 9 186 15 186 12 0 0 7 7 
5 9 1 16 3 11 44 3 22 26 
17 2 7 3 11 2 16 2 15 18 
1 2 1 2 1 2 0 0 1 1 
1 2 1 2 1 2 0 0 1 1 
1 2 1 2 1 2 0 0 1 1 
1 2 1 2 1 2 0 0 1 1 
1 2 1 2 1 2 0 0 1 1 
1 2 1 2 1 2 0 0 1 1 
1 2 1 2 1 2 0 0 1 1 
1 2 1 2 1 2 0 0 1 1 
1 2 1 2 1 2 0 0 1 1 
21 2 12 4 16 2 87 10 15 25 
1 2 1 2 1 2 0 0 1 1 
6 2 1 2 3 2 0 0 5 6 
33 2 26 4 29 2 65 4 10 20 
1 2 1 2 1 2 0 0 1 1 
19 2 13 2 16 2 0 0 7 7 
1 2 1 2 1 2 0 0 1 1 
40 2 36 2 38 2 1 0 5 5 
18 2 9 6 13 3 120 19 20 37 
1 2 1 2 1 2 0 0 1 1 
8 36 5 40 6 38 42 4 10 18 
46 2 38 4 41 2 161 10 14 22 
20 2 11 9 15 5 130 23 31 58 
1 2 1 2 1 2 0 0 1 1 
42 2 35 3 38 2 1 0 11 14 
17 2 9 9 12 5 126 23 26 57 
1 2 1 2 1 2 0 0 1 1 
1 2 1 2 1 2 0 0 1 1 
1 2 1 2 1 2 0 0 1 1 
1 2 1 2 1 2 0 0 1 1 
1 5 1 11 1 8 0 0 7 7 
186 2 180 10 183 4 105 19 17 32 
1 2 1 2 1 2 0 0 1 1 
1 6 1 12 1 9 0 0 7 7 
186 2 179 11 183 5 134 27 21 43 
1 2 1 2 1 2 0 0 1 1 
1 2 1 2 1 2 0 0 1 1 
1 2 1 2 1 2 0 0 1 1 
1 2 1 2 1 2 0 0 1 1 
1 2 1 2 1 2 0 0 1 1 
1 2 1 2 1 2 0 0 1 1 
1 2 1 2 1 2 0 0 1 1 
1 2 1 2 1 2 0 0 1 1 
1 2 1 2 1 2 0 0 1 1 
1 2 1 2 1 2 0 0 1 1 
1 2 1 2 1 2 0 0 1 1 
8 2 1 2 4 2 0 0 8 8 
1 2 1 2 1 2 0 0 1 1 
85 2 81 2 83 2 0 0 4 5 
62 2 58 2 60 2 0 0 3 5 
23 2 10 5 16 3 127 23 19 40 
1 2 1 2 1 2 0 0 1 1 
42 12 38 16 40 14 83 4 16 25 
85 9 81 13 83 11 57 3 16 25 
63 9 58 13 60 11 76 4 19 30 
22 6 10 11 16 8 188 20 40 73 
2 5 1 9 1 7 14 1 7 8 
186 4 186 8 186 6 0 0 5 5 
1 2 1 2 1 2 0 0 1 1 
88 4 83 9 85 6 47 3 30 36 
65 2 59 6 62 3 96 4 16 27 
44 2 38 7 41 4 93 4 17 32 
1 2 1 2 1 2 0 0 1 1 
90 2 83 5 86 3 68 6 14 26 
65 2 58 4 61 2 115 9 11 20 
44 2 37 7 40 4 137 5 22 43 
22 2 8 3 15 2 6 0 16 28 
1 2 1 2 1 2 0 0 1 1 
104 2 96 5 99 3 84 12 15 29 
77 2 71 3 74 2 0 0 11 12 
56 2 48 4 51 2 53 4 14 23 
1 2 1 2 1 2 0 0 1 1 
120 2 112 3 116 2 7 0 11 16 
1 2 1 2 1 2 0 0 1 1 
137 2 128 4 132 2 60 3 15 22 
1 2 1 2 1 2 0 0 1 1 
163 16 156 24 159 19 68 11 39 65 
138 2 129 11 134 5 90 11 43 75 
117 2 109 3 113 2 0 0 11 14 
1 2 1 2 1 2 0 0 1 1 
186 33 181 41 183 37 72 16 23 46 
166 16 158 24 162 19 70 12 41 71 
145 7 136 14 140 10 60 9 39 68 
186 2 180 9 183 5 73 15 22 43 
1 2 1 2 1 2 0 0 1 1 
178 17 169 26 173 21 69 8 50 73 
1 2 1 2 1 2 0 0 1 1 
184 2 168 15 176 8 128 16 68 138 
1 2 1 2 1 2 0 0 1 1 
1 2 1 2 1 2 0 0 1 1 
1 2 1 2 1 2 0 0 1 1 
1 2 1 2 1 2 0 0 1 1 
126 2 117 2 121 2 3 0 10 10 
1 2 1 2 1 2 0 0 1 1 
178 2 162 5 170 3 164 20 25 53 
147 2 131 4 138 2 81 7 22 39 
128 2 116 7 121 4 255 30 32 68 
99 2 94 2 96 2 1 0 6 6 
1 2 1 2 1 2 0 0 1 1 
1 11 1 11 1 11 0 0 1 1 
1 9 1 9 1 9 0 0 1 1 
1 7 1 7 1 7 0 0 1 1 
186 6 184 10 185 8 71 4 9 15 
125 4 114 10 119 7 255 28 38 72 
175 2 159 6 167 3 188 28 24 60 
145 2 129 7 136 4 255 49 30 79 
102 2 92 5 96 3 177 21 17 34 
71 2 63 4 66 2 152 13 12 22 
1 2 1 2 1 2 0 0 1 1 
124 19 113 27 118 23 202 30 48 91 
101 14 92 23 96 18 138 21 42 83 
142 13 128 21 134 16 255 48 51 113 
71 10 64 21 67 15 251 32 42 85 
1 8 1 12 1 10 0 0 5 5 
186 7 179 12 182 9 151 23 21 45 
170 7 156 14 163 10 162 22 49 91 
120 2 106 12 112 6 142 25 50 114 
75 2 67 6 70 3 157 20 18 35 
1 2 1 2 1 2 0 0 1 1 
123 22 112 29 117 25 253 25 43 81 
101 17 92 25 96 20 188 19 40 72 
141 15 127 23 134 19 255 37 50 106 
71 13 64 23 67 17 244 31 42 79 
1 11 1 13 1 12 0 0 3 3 
169 9 156 15 162 11 200 21 42 82 
1 9 1 9 1 9 0 0 1 1 
186 7 178 12 181 9 169 24 24 51 
118 4 105 14 111 9 177 23 53 107 
75 2 66 8 70 4 185 29 23 46 
1 2 1 2 1 2 0 0 1 1 
123 19 112 26 117 22 245 26 40 77 
100 13 91 21 95 17 192 20 42 73 
141 12 127 20 134 16 255 36 54 107 
70 9 64 19 66 13 248 34 36 74 
1 9 1 13 1 11 0 0 5 5 
186 7 179 12 182 9 146 24 21 45 
170 7 156 13 163 10 201 19 46 87 
119 2 105 11 111 6 179 24 48 103 
74 2 66 4 69 2 128 12 12 22 
1 2 1 2 1 2 0 0 1 1 
119 23 108 29 113 25 244 27 40 75 
96 17 87 25 91 21 187 20 38 73 
137 15 123 24 130 19 255 38 50 103 
67 13 60 23 63 17 250 32 40 79 
166 10 152 15 158 12 198 22 41 81 
186 8 175 13 180 10 140 21 33 71 
114 4 101 15 107 9 175 22 62 112 
71 2 63 8 66 4 187 29 25 52 
1 2 1 2 1 2 0 0 1 1 
105 23 92 30 98 26 234 23 50 91 
83 18 72 25 77 21 129 21 41 82 
123 17 108 24 115 20 255 42 50 108 
54 13 45 23 49 17 212 39 46 96 
178 11 164 15 171 13 204 26 36 75 
154 11 138 17 146 14 187 20 51 99 
101 5 86 15 93 10 142 23 61 120 
59 2 49 7 53 4 132 29 23 54 
1 2 1 2 1 2 0 0 1 1 
58 21 47 28 52 24 228 28 41 83 
170 20 162 26 166 22 117 9 32 51 
78 15 63 22 70 18 255 44 51 109 
38 14 29 23 33 18 187 19 40 74 
185 12 177 19 181 15 105 11 32 60 
141 11 126 17 133 14 149 24 45 94 
112 11 96 17 103 13 133 22 49 106 
15 8 7 19 10 13 235 39 44 95 
60 2 44 12 51 6 168 22 60 120 
21 2 16 2 18 2 2 0 6 6 
1 2 1 2 1 2 0 0 1 1 
57 26 46 33 51 29 235 28 40 76 
169 23 160 29 164 25 126 9 37 58 
77 20 62 28 69 23 255 41 55 114 
38 19 28 26 33 22 155 22 37 74 
139 17 124 22 131 19 164 22 43 92 
111 17 94 22 102 19 150 21 48 103 
183 14 175 21 179 17 122 12 33 60 
15 10 6 21 10 15 227 38 48 101 
59 7 44 17 51 11 152 23 60 120 
152 2 133 5 143 2 211 16 25 42 
23 2 15 4 18 2 87 7 13 22 
1 2 1 2 1 2 0 0 1 1 
90 23 78 31 83 27 106 23 43 93 
130 21 98 35 114 28 255 35 110 219 
61 19 51 28 55 23 192 44 43 103 
160 14 143 21 151 17 185 18 56 104 
108 11 92 21 99 15 115 25 63 135 
181 10 167 16 174 13 182 20 46 86 
68 2 55 13 60 7 120 39 45 128 
1 2 1 2 1 2 0 0 1 1 
145 12 135 21 140 16 120 22 44 86 
180 10 154 25 167 17 255 34 97 194 
116 9 107 19 111 14 207 43 42 97 
158 2 145 9 150 5 129 28 39 83 
116 2 105 5 110 3 104 13 19 32 
1 2 1 2 1 2 0 0 1 1 
186 17 178 24 181 20 255 30 30 60 
168 11 161 19 164 15 169 23 32 64 
141 8 134 18 137 12 241 42 38 84 
175 2 166 6 170 3 148 19 22 40 
138 2 132 3 134 2 0 0 9 9 
1 2 1 2 1 2 0 0 1 1 
1 17 1 23 1 20 0 0 7 7 
186 16 182 24 183 20 217 33 19 33 
172 10 164 19 168 14 186 19 38 66 
145 7 138 17 141 11 251 36 40 80 
177 2 170 5 173 3 157 18 14 26 
1 2 1 2 1 2 0 0 1 1 
1 18 1 22 1 20 0 0 5 5 
186 16 181 24 183 20 252 32 25 45 
170 10 163 19 166 14 192 18 39 68 
144 7 137 17 140 12 251 33 42 81 
176 2 169 6 172 3 167 16 17 31 
1 2 1 2 1 2 0 0 1 1 
186 16 180 24 182 20 249 30 27 49 
170 10 162 18 166 14 190 19 37 67 
143 7 136 17 139 11 245 34 40 80 
176 2 168 5 171 3 175 17 14 29 
1 2 1 2 1 2 0 0 1 1 
1 13 1 17 1 15 0 0 5 5 
186 12 176 23 181 18 255 23 43 80 
166 9 157 17 161 12 160 21 40 75 
138 4 130 15 133 9 252 40 46 87 
173 2 164 5 168 3 145 16 18 31 
1 2 1 2 1 2 0 0 1 1 
175 4 146 13 160 8 255 36 90 190 
137 2 123 6 129 3 112 27 27 61 
104 2 96 2 100 2 4 1 9 9 
1 2 1 2 1 2 0 0 1 1 
1 10 1 11 1 10 0 0 2 2 
1 8 1 8 1 8 0 0 1 1 
186 6 183 10 184 8 60 6 13 20 
125 4 112 10 118 6 220 27 45 87 
175 2 158 6 167 3 183 28 28 65 
145 2 127 6 135 3 255 56 31 78 
101 2 89 5 94 3 121 15 25 39 
70 2 60 3 65 2 8 1 13 20 
1 2 1 2 1 2 0 0 1 1 
95 8 83 15 89 11 216 28 43 88 
175 2 160 10 167 6 148 18 52 116 
150 2 132 6 140 3 126 27 34 80 
116 2 99 10 107 5 255 41 57 126 
73 2 62 11 67 6 185 17 42 85 
43 2 35 11 38 6 255 44 31 73 
1 2 1 2 1 2 0 0 1 1 
69 33 57 39 63 36 245 26 39 77 
89 27 73 34 81 30 255 37 49 107 
177 25 169 30 172 27 85 12 30 53 
50 25 38 32 43 28 152 21 43 81 
123 22 106 28 115 25 142 19 53 102 
150 21 134 26 142 23 140 23 45 97 
1 20 1 20 1 20 0 0 1 1 
1 18 1 18 1 18 0 0 1 1 
1 16 1 16 1 16 0 0 1 1 
24 15 15 26 19 20 214 39 50 102 
70 14 54 23 61 18 156 23 53 116 
186 13 180 20 183 15 80 15 25 44 
160 2 138 7 149 4 171 47 38 112 
35 2 24 9 28 5 149 30 33 76 
1 2 1 2 1 2 0 0 1 1 
121 38 112 43 116 40 111 10 29 54 
141 30 131 36 136 32 99 13 37 68 
91 29 74 35 82 32 190 20 50 101 
13 27 2 33 7 29 207 32 40 78 
63 26 46 32 54 28 153 21 52 104 
31 24 16 31 23 27 255 48 52 104 
163 21 155 29 159 25 81 13 39 66 
4 12 1 18 2 15 87 8 16 23 
186 11 186 17 186 14 0 0 7 7 
110 11 89 20 99 15 212 33 65 145 
22 4 7 13 14 8 122 25 59 124 
1 2 1 2 1 2 0 0 1 1 
92 24 82 30 87 26 124 9 37 64 
113 18 105 25 108 21 117 13 33 58 
139 15 132 23 135 18 102 14 37 64 
62 14 47 20 54 17 202 22 46 94 
8 12 1 19 4 15 255 50 25 53 
186 11 186 18 186 14 0 0 8 8 
36 11 20 16 27 13 191 21 48 96 
85 2 68 6 78 3 213 31 29 62 
1 2 1 2 1 2 0 0 1 1 
79 27 70 33 74 29 103 10 38 61 
101 21 92 29 96 24 116 12 38 66 
126 18 120 26 123 21 119 13 35 59 
50 16 36 22 43 19 192 22 46 87 
25 11 11 17 18 13 196 21 46 90 
73 2 55 9 65 4 216 35 44 98 
1 2 1 2 1 2 0 0 1 1 
79 29 70 35 74 32 123 10 34 59 
100 24 92 31 96 27 127 12 38 61 
126 20 120 28 122 23 119 13 33 57 
50 17 36 24 42 20 202 22 49 93 
25 12 11 18 18 15 200 20 43 84 
72 2 55 11 64 5 222 36 52 125 
1 2 1 2 1 2 0 0 1 1 
79 28 70 34 74 31 41 1 36 43 
100 22 92 29 96 25 130 12 32 57 
126 19 120 27 123 22 121 13 33 54 
50 16 36 23 42 19 203 22 49 92 
25 12 11 17 18 14 201 23 41 82 
72 2 55 10 65 5 221 34 48 111 
1 2 1 2 1 2 0 0 1 1 
80 25 71 31 76 28 121 5 35 46 
101 19 94 26 97 22 120 13 31 55 
127 16 121 24 124 19 123 13 34 58 
50 14 36 21 43 17 213 20 48 93 
25 10 12 16 18 12 201 23 43 83 
74 2 59 7 67 4 217 31 32 63 
1 2 1 2 1 2 0 0 1 1 
81 23 72 29 76 26 117 10 34 60 
102 18 94 25 98 21 125 12 38 61 
128 14 122 22 125 17 126 13 32 58 
51 13 37 19 44 15 206 23 44 88 
26 10 12 15 19 12 194 22 42 82 
75 2 62 5 69 3 205 24 20 41 
1 2 1 2 1 2 0 0 1 1 
83 26 74 31 78 28 119 8 34 54 
105 20 96 27 100 23 132 12 38 66 
130 16 124 24 127 19 122 13 35 59 
53 15 39 21 46 18 202 21 42 80 
186 14 186 14 186 14 0 0 1 1 
28 11 14 16 20 13 198 23 40 84 
186 10 186 12 186 11 0 0 3 3 
77 2 60 7 70 4 212 33 35 75 
1 2 1 2 1 2 0 0 1 1 
94 23 85 29 89 25 89 11 35 62 
117 17 107 24 111 20 93 13 39 71 
141 13 135 21 138 17 91 15 32 61 
64 13 49 19 56 16 179 23 45 94 
186 12 186 19 186 15 0 0 8 8 
9 12 1 20 4 15 255 52 26 65 
37 11 22 16 29 13 181 22 43 86 
87 2 72 5 80 3 181 28 21 45 
1 2 1 2 1 2 0 0 1 1 
127 27 117 32 122 29 97 9 35 60 
16 23 3 29 9 25 208 31 39 83 
146 19 137 26 141 22 91 12 37 62 
95 18 78 24 86 20 193 20 50 105 
34 17 18 24 26 20 255 45 53 114 
67 16 49 21 57 18 105 21 52 111 
168 13 161 21 164 17 75 15 35 67 
3 12 1 18 2 14 46 5 13 17 
186 11 186 17 186 14 0 0 7 7 
115 2 92 9 105 4 208 37 52 130 
23 2 7 10 13 5 118 28 46 114 
1 2 1 2 1 2 0 0 1 1 
177 19 167 25 172 21 82 10 40 68 
1 14 1 20 1 17 1 0 7 7 
44 13 32 21 37 16 123 21 48 92 
186 12 182 19 184 15 70 13 18 33 
86 12 52 26 69 18 255 31 109 222 
149 9 131 15 139 12 144 22 56 110 
120 9 101 14 110 11 140 20 51 111 
19 7 9 18 14 12 177 39 51 115 
66 2 48 10 55 5 141 27 48 117 
1 2 1 2 1 2 0 0 1 1 
106 12 93 19 99 15 100 23 48 98 
147 11 115 24 130 17 255 36 105 225 
1 11 1 11 1 11 0 0 1 1 
1 9 1 9 1 9 0 0 1 1 
75 8 65 18 70 13 170 37 48 111 
1 7 1 7 1 7 0 0 1 1 
186 6 180 10 183 8 119 13 18 35 
174 6 158 11 165 8 202 21 48 92 
124 2 107 9 113 5 109 29 43 108 
77 2 67 3 72 2 3 0 15 20 
1 2 1 2 1 2 0 0 1 1 
148 17 140 25 143 20 182 21 38 69 
119 15 112 25 115 20 236 33 41 76 
181 10 159 28 170 19 255 29 88 170 
159 2 149 12 153 6 183 27 39 88 
118 2 109 10 113 5 188 31 31 68 
1 2 1 2 1 2 0 0 1 1 
124 18 112 26 118 22 106 21 53 98 
162 15 133 30 147 22 255 35 102 213 
93 15 84 25 88 20 176 41 43 102 
184 5 172 12 178 8 190 19 40 78 
139 4 124 15 131 9 115 25 64 135 
96 2 84 10 89 5 113 38 33 87 
1 2 1 2 1 2 0 0 1 1 
1 22 1 26 1 24 1 0 5 5 
186 19 180 25 183 21 73 12 26 43 
105 17 69 31 87 23 255 28 114 224 
63 17 50 25 56 21 119 21 50 98 
164 12 147 18 156 14 124 22 51 103 
138 12 119 18 129 15 141 19 58 112 
35 11 24 22 29 16 207 39 55 118 
83 5 65 15 73 9 141 23 68 136 
41 2 30 5 35 3 104 18 20 40 
1 2 1 2 1 2 0 0 1 1 
127 37 117 42 122 39 120 10 32 56 
146 28 137 35 141 31 101 12 38 67 
97 28 80 35 88 31 175 20 56 110 
17 28 6 34 11 31 207 32 37 80 
68 26 51 31 59 28 133 22 47 99 
36 25 20 32 27 28 255 47 55 115 
167 19 160 27 163 23 87 14 37 66 
186 14 186 21 186 17 0 0 8 8 
6 14 1 22 3 17 109 24 23 46 
115 10 94 19 104 14 212 33 67 146 
26 6 10 14 17 9 123 27 58 125 
1 2 1 2 1 2 0 0 1 1 
102 35 93 41 97 38 115 8 36 55 
122 29 114 35 118 31 131 13 32 55 
72 25 57 31 64 28 199 19 49 90 
146 22 140 30 143 26 117 13 31 54 
46 20 31 26 38 23 199 21 48 93 
16 18 2 24 9 21 255 39 45 100 
93 7 75 18 84 12 217 32 70 143 
12 2 1 2 6 2 0 0 12 12 
100 40 91 46 95 42 124 9 34 59 
121 33 113 40 116 36 128 12 35 59 
71 29 56 36 63 32 196 21 51 98 
145 27 138 35 141 30 116 13 33 58 
45 24 30 30 37 26 197 21 47 94 
15 20 2 25 8 22 255 49 39 83 
91 12 74 22 82 16 216 34 61 133 
132 2 123 4 127 2 165 11 15 25 
13 2 1 3 6 2 0 0 17 17 
103 41 94 46 98 43 108 9 30 54 
123 34 115 41 119 37 118 13 34 58 
73 30 58 37 65 33 182 22 51 100 
147 27 141 35 143 30 114 13 34 58 
46 24 31 31 38 27 183 21 50 96 
186 21 186 26 186 23 0 0 6 6 
17 20 1 27 9 23 255 38 58 106 
93 12 76 23 84 17 210 36 57 138 
134 2 126 4 130 2 62 3 15 20 
15 2 1 4 7 2 64 9 20 39 
102 35 94 42 98 38 60 10 38 67 
123 28 116 37 119 32 78 15 38 68 
72 24 57 32 64 27 106 27 53 121 
148 22 142 32 144 26 106 12 37 64 
45 19 30 26 37 22 119 25 50 111 
15 17 2 23 8 20 255 45 41 96 
93 5 75 18 84 11 145 36 81 181 
1 2 1 2 1 2 0 0 1 1 
106 35 97 43 101 39 34 4 48 63 
127 29 119 38 123 33 64 12 42 69 
75 24 60 33 67 28 95 27 58 129 
151 22 145 32 148 27 89 14 41 71 
48 20 32 27 40 23 104 26 53 122 
186 19 186 24 186 21 0 0 6 6 
17 18 1 25 9 21 255 41 51 112 
97 5 78 19 87 11 124 37 81 198 
9 2 1 2 5 2 1 0 9 9 
107 27 97 32 102 29 109 11 31 57 
14 25 1 33 7 29 255 39 48 102 
74 21 58 27 66 24 197 23 48 96 
45 21 29 27 36 24 196 22 50 97 
127 18 119 25 123 21 119 13 35 62 
151 9 145 17 147 13 118 15 30 57 
186 6 186 11 186 8 0 0 6 6 
5 6 1 12 2 9 98 13 16 24 
94 2 72 9 84 4 219 40 48 134 
1 2 1 2 1 2 0 0 1 1 
97 21 88 27 92 23 124 7 36 52 
120 15 111 22 115 18 120 14 36 64 
146 12 140 20 143 15 122 15 34 60 
186 10 186 17 186 13 0 0 8 8 
64 10 49 16 56 13 194 24 46 96 
6 10 1 18 3 13 228 38 24 48 
36 8 21 13 28 10 130 28 42 96 
1 2 1 2 1 2 0 0 1 1 
92 13 83 20 87 16 103 12 33 61 
144 12 139 20 141 16 104 17 27 54 
116 11 108 19 112 14 115 14 37 66 
61 2 44 7 53 4 163 33 32 78 
32 2 19 2 25 2 1 0 13 14 
1 2 1 2 1 2 0 0 1 1 
144 13 139 22 141 17 119 17 29 56 
90 12 82 18 86 15 128 12 31 55 
116 10 107 18 111 13 122 13 38 71 
59 2 48 3 53 2 14 0 14 20 
1 2 1 2 1 2 0 0 1 1 
85 15 76 21 80 17 106 11 33 57 
140 13 134 21 137 17 121 17 34 61 
110 11 102 19 106 15 124 14 42 69 
53 2 35 8 44 4 167 27 44 108 
25 2 8 4 16 2 111 21 22 50 
1 2 1 2 1 2 0 0 1 1 
80 18 71 24 75 21 127 10 34 59 
106 13 97 20 101 16 129 14 37 65 
136 11 130 20 132 15 135 15 37 65 
45 8 29 14 37 10 217 25 51 101 
17 7 2 13 9 10 157 23 48 99 
1 2 1 2 1 2 0 0 1 1 
80 22 71 28 75 24 133 11 34 58