56 32 49 38 52 34 49 11 32 47 
71 27 61 36 66 31 106 36 48 97 
111 26 98 35 104 30 137 39 56 118 
90 25 77 34 83 29 162 55 52 126 
186 21 186 40 186 30 10 2 20 20 
56 18 47 24 51 21 102 18 35 63 
186 16 186 19 186 17 4 2 4 4 
43 11 33 18 38 14 162 27 39 79 
90 10 79 17 84 13 109 30 42 92 
84 2 67 6 75 3 255 41 30 64 
13 2 1 7 6 4 92 28 32 65 
2 42 1 43 1 42 6 4 3 3 
3 33 1 37 1 35 18 7 9 9 
69 31 62 37 65 33 46 11 36 50 
85 26 74 34 79 30 106 36 50 101 
124 24 111 36 117 27 136 42 46 111 
186 21 186 36 186 28 4 1 16 16 
104 21 91 32 97 26 163 50 67 148 
1 21 1 21 1 21 4 4 1 1 
69 17 59 24 64 20 113 16 43 71 
55 11 44 18 49 14 155 25 46 85 
103 8 91 16 96 11 120 27 50 101 
94 2 79 4 85 2 102 11 23 37 
19 2 8 11 13 6 101 28 49 104 
1 2 1 2 1 2 0 0 1 1 
34 45 33 46 33 45 3 1 3 3 
38 44 37 45 37 44 3 1 3 3 
29 44 27 46 27 44 7 3 5 5 
24 44 23 46 23 45 3 1 4 4 
93 32 18 40 87 35 44 11 38 57 
109 27 92 40 103 31 105 37 48 102 
148 24 135 31 141 27 134 42 44 107 
128 21 115 33 121 27 163 51 60 138 
92 19 82 25 87 21 96 17 39 70 
77 13 66 20 71 16 151 26 41 86 
125 8 113 16 119 11 118 27 55 100 
36 6 25 14 30 10 111 33 51 97 
115 2 9 5 96 3 191 22 27 46 
108 2 1 49 11 26 83 31 268 583 
57 42 48 44 52 42 8 2 13 13 
120 30 42 38 110 33 45 11 38 55 
136 25 125 33 130 29 104 34 48 101 
171 22 159 29 165 25 129 40 40 101 
153 21 141 31 147 26 155 51 57 128 
118 16 108 23 113 19 99 17 42 71 
102 11 91 18 96 14 148 28 42 86 
58 7 47 14 52 10 112 35 44 94 
149 5 137 13 143 8 123 25 56 100 
131 2 34 5 91 3 10 4 10 10 
48 2 17 47 31 24 88 35 277 627 
19 2 14 13 15 6 29 7 27 29 
1 2 1 2 1 2 0 0 1 1 
141 32 64 41 133 35 39 6 37 44 
155 26 145 35 150 30 103 30 49 99 
171 22 159 32 165 26 155 48 50 121 
186 21 176 29 181 25 126 38 40 95 
138 18 128 25 132 21 101 15 41 70 
123 14 112 21 117 17 154 25 43 86 
77 10 66 17 71 13 114 31 45 92 
165 5 47 10 147 7 130 25 35 62 
165 2 48 13 150 9 103 13 36 49 
80 2 32 49 50 26 89 31 330 718 
1 2 1 2 1 2 0 0 1 1 
96 44 94 45 95 44 6 2 5 5 
87 44 84 45 85 44 9 4 5 5 
150 31 73 40 140 34 40 10 40 54 
164 25 154 34 159 29 103 31 48 99 
1 21 1 29 1 25 0 0 9 9 
186 20 183 28 184 23 121 31 17 33 
179 18 167 31 173 25 151 44 63 132 
146 17 137 23 141 20 115 16 37 65 
131 12 120 20 125 15 170 24 44 87 
86 9 75 17 80 13 135 34 45 95 
59 4 15 11 26 7 62 8 16 26 
171 2 16 9 154 5 135 21 27 64 
172 2 38 49 64 25 115 31 367 780 
1 2 1 2 1 2 0 0 1 1 
159 31 84 44 146 35 35 7 38 47 
173 25 163 34 167 29 99 31 47 99 
186 19 175 30 180 24 146 45 52 122 
156 17 146 23 151 19 102 15 39 72 
141 12 130 19 135 15 147 26 43 88 
96 10 84 17 90 13 107 35 49 97 
179 2 69 10 166 3 128 23 19 48 
178 2 46 49 74 26 117 30 398 829 
1 2 1 2 1 2 0 0 1 1 
131 41 116 43 122 42 12 3 22 23 
113 23 1 36 32 29 33 5 12 14 
186 22 175 35 181 29 77 13 53 80 
176 13 167 19 171 16 106 14 38 66 
162 8 152 15 156 11 157 25 41 83 
119 7 107 14 113 10 113 33 50 99 
115 2 67 46 92 23 93 31 323 731 
1 2 1 2 1 2 0 0 1 1 
129 41 126 42 127 41 12 4 7 7 
123 30 1 35 46 33 18 3 8 8 
186 28 183 34 184 30 2 0 11 12 
183 12 175 18 179 15 88 13 32 59 
170 7 161 14 165 10 161 25 37 75 
129 6 118 13 123 9 116 33 44 93 
126 2 83 46 104 23 92 31 291 699 
80 2 77 17 79 9 44 14 23 47 
1 2 1 2 1 2 0 0 1 1 
138 39 134 40 136 39 4 1 9 9 
186 11 123 34 179 15 97 13 40 67 
173 6 163 13 167 9 167 25 39 78 
132 2 100 5 122 3 17 9 24 34 
132 2 85 43 109 20 109 32 321 762 
82 2 78 14 80 8 20 5 30 33 
1 2 1 2 1 2 0 0 1 1 
95 46 88 48 91 46 10 3 12 12 
1 44 1 44 1 44 0 0 1 1 
1 40 1 40 1 40 0 0 1 1 
153 32 77 44 143 33 16 3 11 12 
152 28 146 29 148 28 8 1 10 10 
148 14 137 20 143 16 89 15 40 67 
87 12 58 14 78 12 22 13 23 29 
88 12 1 19 77 16 102 40 32 85 
186 11 1 21 108 14 6 0 15 17 
186 11 155 30 170 20 134 38 129 294 
133 11 120 13 126 12 102 19 21 39 
172 2 34 18 139 10 124 24 56 106 
46 2 38 7 41 4 26 9 23 31 
84 2 23 52 49 27 154 40 507 1100 
1 2 1 2 1 2 1 1 1 1 
24 40 22 41 23 40 7 2 5 5 
91 30 14 34 79 31 25 4 16 18 
91 26 84 28 87 27 34 8 14 17 
108 21 96 30 102 25 98 37 50 108 
148 20 134 27 141 23 132 41 47 118 
128 18 113 28 120 23 152 52 65 151 
91 13 79 19 85 15 89 17 47 83 
76 7 62 14 69 10 125 26 48 100 
186 5 186 33 186 19 11 4 29 29 
186 4 1 46 8 26 84 40 201 448 
126 2 113 11 119 5 101 27 51 120 
34 2 20 9 26 4 104 39 34 90 
2 2 1 6 1 3 25 10 6 7 
3 44 1 47 2 45 23 7 8 9 
2 35 1 39 1 37 16 7 8 8 
72 33 65 41 68 36 48 10 41 55 
88 28 78 36 83 32 107 38 40 95 
129 25 116 36 122 28 136 41 46 114 
186 24 186 43 186 33 12 2 20 20 
108 24 95 34 101 29 166 54 60 134 
1 23 1 24 1 23 14 14 2 2 
72 19 62 25 66 22 104 19 37 71 
57 12 46 20 51 16 168 27 45 92 
107 8 94 16 100 12 121 29 49 106 
18 4 8 12 13 7 109 33 47 93 
98 2 83 4 89 2 68 8 22 33 
1 2 1 2 1 2 0 0 1 1 
63 28 56 34 59 30 53 9 38 52 
122 23 108 30 115 26 136 42 48 114 
79 23 69 32 74 27 106 35 46 99 
99 19 86 30 93 25 164 53 57 142 
186 16 186 39 186 27 7 1 24 24 
64 13 54 20 58 16 136 18 41 74 
49 6 38 13 43 9 175 29 41 86 
100 4 88 12 94 8 135 29 55 107 
14 2 3 4 8 2 70 15 18 29 
1 2 1 2 1 2 0 0 1 1 
56 29 49 35 52 31 42 10 33 49 
186 28 186 30 186 29 2 1 3 3 
73 24 62 32 67 27 106 37 47 102 
116 22 102 30 108 26 136 42 57 127 
93 19 80 30 86 25 163 54 58 147 
186 18 186 20 186 19 7 3 3 3 
57 13 47 20 52 16 125 17 43 69 
42 6 32 14 37 10 189 28 40 86 
94 4 81 12 87 7 119 32 51 113 
9 2 1 4 4 2 50 9 17 24 
59 29 52 36 55 32 40 10 37 52 
75 24 65 33 70 28 108 38 40 97 
186 21 186 41 186 31 6 1 21 21 
119 21 106 30 112 24 138 45 44 115 
96 18 83 29 89 24 163 54 56 144 
59 14 48 21 53 17 121 18 45 83 
44 8 33 16 38 11 172 28 43 89 
96 2 82 11 88 6 139 30 59 128 
9 2 1 9 5 5 77 23 24 48 
2 2 1 3 1 2 8 4 3 3 
6 47 3 48 4 47 7 3 7 7 
1 47 1 48 1 47 3 2 2 2 
116 40 115 42 115 41 3 1 3 3 
67 32 60 38 63 35 48 12 33 50 
83 26 73 35 78 30 108 41 43 100 
186 23 186 46 186 34 10 2 24 24 
127 22 113 31 119 25 139 44 50 124 
104 19 91 31 97 25 167 59 53 143 
66 17 55 24 60 20 138 21 47 82 
49 11 38 18 43 14 170 30 42 88 
12 4 2 12 6 8 103 29 44 89 
102 3 89 12 95 7 134 34 52 117 
1 2 1 2 1 2 0 0 1 1 
87 29 16 42 79 32 44 8 38 46 
104 23 93 32 98 27 106 38 50 109 
148 20 134 28 141 24 136 44 49 133 
125 17 111 29 117 23 162 53 68 166 
85 14 75 21 80 17 126 22 40 78 
23 9 1 48 5 29 84 35 115 272 
186 8 186 47 186 27 16 4 40 40 
68 8 56 15 62 11 151 30 42 94 
123 2 107 9 115 5 138 35 44 111 
26 2 14 11 19 6 109 31 48 107 
1 2 1 2 1 2 0 0 1 1 
101 28 25 40 88 32 49 11 43 61 
118 22 107 31 112 26 108 38 49 110 
161 19 148 27 154 23 131 45 45 125 
138 15 125 28 131 22 161 54 60 165 
98 12 87 19 92 15 137 22 42 85 
186 7 186 36 186 21 13 6 30 30 
80 6 68 14 73 10 185 29 50 100 
33 4 1 50 9 26 192 50 220 647 
136 2 119 8 127 4 149 37 34 89 
35 2 23 10 28 5 137 31 47 100 
14 2 11 4 12 2 10 5 6 8 
1 2 1 2 1 2 0 0 1 1 
17 84 14 85 15 84 19 13 5 5 
24 47 23 48 23 47 0 0 3 3 
122 23 43 37 106 28 38 7 48 61 
139 17 128 27 133 22 105 36 53 116 
179 15 39 17 168 15 8 1 18 27 
180 11 145 23 167 18 142 46 55 140 
160 7 107 24 135 16 156 43 88 205 
186 5 186 16 186 10 5 1 12 12 
186 2 87 29 103 7 152 29 56 117 
50 2 37 9 43 5 112 37 38 92 
51 2 1 47 18 23 209 58 335 1060 
153 22 81 31 140 25 45 8 44 56 
169 16 158 26 163 21 106 35 52 117 
186 12 174 25 180 19 149 49 57 150 
179 10 175 10 177 10 9 7 5 5 
179 2 137 11 144 6 112 21 48 105 
147 2 115 11 125 4 116 16 27 48 
76 2 64 3 69 2 23 17 18 22 
82 2 1 40 35 16 219 67 417 1549 
1 2 1 2 1 2 2 2 1 1 
109 29 13 37 63 33 22 10 7 7 
175 25 169 31 172 27 34 6 36 43 
186 17 90 19 172 17 16 8 13 18 
186 5 158 28 171 15 118 32 65 157 
151 2 55 14 127 6 143 43 34 112 
99 2 85 10 92 5 137 36 53 118 
110 2 19 44 55 20 221 67 501 1817 
1 2 1 2 1 2 7 7 1 1 
143 31 18 43 56 35 16 4 13 13 
129 6 86 24 111 12 106 31 34 66 
129 6 24 14 116 11 107 41 40 89 
186 2 179 8 182 5 102 17 25 54 
186 2 161 10 169 5 141 33 43 84 
143 2 47 47 85 25 233 64 577 1967 
11 2 9 4 10 3 3 1 4 5 
1 2 1 2 1 2 0 0 1 1 
166 31 37 40 58 34 10 2 17 19 
53 30 45 31 49 30 6 2 17 17 
64 29 63 32 63 30 4 2 6 6 
46 18 44 23 45 20 12 7 9 9 
48 13 47 16 47 14 16 11 6 6 
55 8 54 9 54 8 10 8 3 3 
49 6 48 9 48 7 12 8 5 5 
157 2 117 16 145 7 114 44 43 127 
171 2 71 44 116 22 255 64 581 1977 
68 2 68 2 68 2 7 7 1 1 
14 2 14 2 14 2 1 1 1 1 
1 2 1 2 1 2 0 0 1 1 
186 32 96 41 126 35 5 2 6 6 
1 32 1 39 1 35 1 0 8 8 
89 31 88 33 88 32 4 1 5 5 
1 29 1 30 1 29 2 1 2 2 
1 25 1 25 1 25 0 0 1 1 
78 22 61 40 68 31 24 5 61 68 
70 16 69 18 69 17 10 7 4 4 
77 12 76 13 76 12 12 9 3 3 
72 12 71 13 71 12 8 7 3 3 
173 2 138 16 160 8 108 44 19 65 
185 2 101 44 139 21 255 62 584 1963 
97 2 93 3 95 2 8 6 5 6 
1 2 1 2 1 2 0 0 1 1 
87 30 81 37 83 32 8 2 18 19 
122 29 116 31 119 30 3 1 11 11 
109 29 108 31 108 30 2 0 4 4 
99 28 89 30 93 29 15 3 22 22 
1 26 1 33 1 29 13 9 8 8 
1 19 1 20 1 19 2 1 2 2 
90 13 89 19 89 15 16 12 8 8 
96 9 95 11 95 10 10 7 4 4 
186 2 118 42 154 18 251 67 414 1684 
1 2 1 2 1 2 0 0 1 1 
95 28 89 35 91 30 7 2 21 22 
106 27 97 29 101 28 4 2 17 17 
116 26 115 28 115 27 2 1 4 4 
1 16 1 28 1 22 4 1 13 13 
97 9 94 23 96 15 21 12 27 33 
103 8 102 10 102 9 10 9 4 4 
186 2 125 36 158 16 253 71 326 1462 
1 2 1 2 1 2 0 0 1 1 
185 34 100 42 121 36 4 1 4 4 
78 34 63 37 70 35 9 2 26 26 
1 26 1 41 1 33 3 1 16 16 
186 5 101 47 138 23 222 64 584 1946 
100 5 99 6 99 5 12 7 3 3 
96 5 95 6 95 5 6 5 3 3 
173 2 159 7 165 4 111 39 32 70 
1 2 1 2 1 2 1 1 1 1 
154 46 154 46 154 46 9 9 1 1 
154 36 23 47 45 38 10 2 6 6 
28 32 27 34 27 32 16 11 5 5 
139 9 96 27 124 16 108 41 39 95 
154 9 27 55 97 30 255 64 639 2058 
179 2 167 6 172 3 135 27 23 49 
1 2 1 2 1 2 0 0 1 1 
186 26 125 48 180 30 31 5 37 43 
186 18 186 18 186 18 2 2 1 1 
91 13 8 25 74 24 83 51 7 25 
111 11 73 13 103 11 17 12 17 20 
178 7 99 20 129 13 130 38 64 160 
177 4 150 15 158 9 172 31 60 127 
159 4 25 56 69 30 255 64 616 2040 
1 2 1 2 1 2 1 1 1 1 
110 50 109 51 109 50 7 4 3 3 
170 30 85 50 125 36 20 9 12 12 
171 20 16 37 159 33 44 12 40 54 
183 19 173 30 178 24 104 33 50 113 
179 15 44 60 66 38 235 63 333 1108 
93 13 80 22 86 17 140 38 53 119 
164 12 153 19 158 15 137 23 44 87 
1 12 1 20 1 16 20 12 9 9 
186 10 54 13 147 11 13 5 7 7 
186 9 133 19 150 11 172 30 31 65 
145 2 10 42 38 22 238 64 298 997 
1 2 1 2 1 2 14 14 1 1 
103 46 1 53 83 51 25 5 15 16 
1 44 1 44 1 44 0 0 1 1 
163 33 156 40 159 36 55 11 37 54 
176 22 74 33 169 27 105 35 47 112 
173 16 1 33 63 25 86 35 21 36 
156 15 145 22 150 18 138 24 41 87 
85 14 72 23 78 18 136 39 59 121 
137 11 46 13 120 11 18 3 21 23 
186 9 125 20 141 15 185 34 57 121 
186 2 3 62 48 30 254 63 644 2097 
1 2 1 2 1 2 4 4 1 1 
97 54 96 55 96 54 4 3 3 3 
93 54 92 55 92 54 4 3 3 3 
156 35 75 56 136 41 43 7 48 59 
170 24 68 34 164 28 107 39 40 101 
169 17 139 35 147 22 149 21 61 109 
78 16 65 24 71 20 130 39 52 112 
185 14 34 26 162 20 154 53 55 152 
182 13 118 27 129 18 181 33 58 122 
175 12 174 12 174 12 7 7 2 2 
175 12 43 14 154 13 13 9 7 7 
170 2 1 64 35 31 237 63 590 1986 
1 2 1 2 1 2 3 3 1 1 
86 51 53 54 60 53 7 3 18 19 
136 32 86 52 130 36 48 9 37 51 
152 23 47 32 145 27 110 42 33 98 
152 16 119 34 129 22 129 23 67 119 
29 14 27 14 28 14 7 5 3 3 
170 12 16 23 106 18 159 52 85 225 
170 11 98 27 121 18 182 35 81 169 
186 4 186 8 186 6 4 0 5 5 
186 2 151 22 178 13 129 33 67 136 
186 2 1 63 23 32 219 58 518 1631 
125 37 41 54 115 41 52 12 47 67 
142 28 130 39 136 33 107 38 61 127 
121 20 109 28 115 24 139 24 50 97 
161 18 148 32 154 25 163 52 70 172 
180 16 168 26 173 21 133 39 53 123 
101 15 88 24 94 19 178 33 57 118 
48 13 36 22 42 17 147 38 52 114 
52 7 1 64 17 35 217 57 400 1209 
186 6 186 31 186 18 8 4 26 26 
155 2 140 5 147 3 163 50 17 60 
154 2 9 10 89 6 135 15 56 79 
5 2 1 10 2 4 33 20 16 23 
14 62 12 63 13 62 2 1 4 4 
46 55 37 57 41 55 9 2 15 15 
111 42 30 54 104 45 52 11 41 59 
128 34 117 45 122 39 112 40 51 117 
149 25 135 39 142 32 165 52 73 174 
108 25 97 33 102 29 154 24 45 93 
170 24 157 33 163 28 134 41 51 123 
89 19 77 27 83 23 205 36 47 107 
186 15 186 42 186 28 12 7 28 28 
38 12 27 21 32 15 141 41 46 106 
34 7 1 63 11 34 199 53 295 863 
144 6 131 16 137 11 138 34 56 130 
12 2 7 4 9 2 17 8 10 11 
1 2 1 2 1 2 3 3 1 1 
15 62 12 63 13 62 4 2 4 5 
46 57 44 58 45 57 3 2 4 4 
112 45 31 56 104 48 54 12 44 65 
129 37 118 47 123 42 112 40 49 119 
109 28 98 35 103 31 147 26 41 88 
150 27 136 41 143 34 162 53 69 168 
171 26 158 36 164 30 134 41 50 122 
91 21 78 30 84 25 186 34 52 116 
186 20 186 41 186 30 15 8 22 22 
40 13 29 22 34 17 154 37 51 116 
145 8 132 19 138 13 148 32 60 134 
40 7 1 60 12 34 201 57 285 886 
126 2 117 3 121 2 6 2 14 17 
14 2 9 4 11 2 18 8 9 11 
1 2 1 2 1 2 3 3 1 1 
167 30 98 47 160 33 36 7 35 44 
1 13 1 24 1 18 18 13 12 12 
186 12 169 27 178 21 100 35 63 158 
181 11 149 31 160 19 109 23 72 141 
90 9 44 22 78 14 108 42 69 157 
142 7 128 16 135 11 141 35 57 130 
99 2 6 51 43 27 221 66 633 2090 
1 2 1 2 1 2 2 2 1 1 
156 27 45 38 99 32 9 2 9 10 
28 27 22 29 25 28 3 1 10 10 
38 26 30 27 33 26 13 4 16 17 
35 4 33 6 34 5 11 8 5 5 
147 2 132 6 139 3 109 40 28 66 
156 2 58 40 104 19 232 67 484 1960 
36 2 36 2 36 2 8 8 1 1 
1 2 1 2 1 2 0 0 1 1 
174 27 42 38 61 29 6 2 17 17 
62 26 51 28 56 27 4 1 21 21 
68 25 67 29 67 27 7 2 7 9 
162 2 150 4 156 2 87 19 20 31 
173 2 80 46 125 19 255 66 490 1914 
56 2 49 25 52 13 15 8 48 53 
1 2 1 2 1 2 0 0 1 1 
169 29 50 32 75 31 14 4 11 12 
45 17 43 31 43 24 16 9 31 33 
61 12 35 39 45 31 17 2 53 59 
52 10 51 11 51 10 18 12 3 3 
47 7 46 9 46 7 10 8 4 4 
153 2 111 12 132 11 102 58 7 41 
168 2 71 39 117 17 240 70 481 1943 
1 2 1 2 1 2 0 0 1 1 
160 33 48 33 85 33 7 3 3 3 
49 26 41 35 45 29 8 2 8 8 
50 22 25 32 37 28 20 3 52 55 
162 2 62 42 110 17 237 73 482 1964 
1 2 1 2 1 2 1 1 1 1 
27 31 27 32 27 31 0 0 2 2 
152 30 151 31 151 30 5 1 3 3 
146 29 12 30 62 29 16 4 8 8 
27 26 10 32 19 28 11 1 27 27 
17 22 16 24 16 23 15 10 5 6 
131 7 19 10 42 8 12 9 5 5 
147 2 44 40 94 15 236 75 424 1855 
22 2 22 2 22 2 7 7 1 1 
1 2 1 2 1 2 0 0 1 1 
145 34 142 35 143 34 7 2 6 6 
13 25 5 28 9 26 8 1 17 17 
186 21 186 24 186 22 5 2 4 4 
8 17 7 20 7 18 11 7 5 5 
186 16 186 19 186 17 4 1 4 4 
122 8 41 13 53 10 26 20 7 7 
139 2 35 43 85 17 249 74 452 1975 
20 2 20 2 20 2 8 8 1 1 
1 2 1 2 1 2 0 0 1 1 
147 31 145 32 145 31 6 2 5 5 
8 23 6 25 7 23 15 3 5 5 
14 16 13 17 13 16 3 2 3 3 
40 4 38 8 39 6 25 19 9 9 
142 2 79 40 103 17 236 67 308 1190 
76 2 28 22 56 11 196 81 153 633 
1 2 1 2 1 2 0 0 1 1 
6 27 2 30 4 28 4 1 8 8 
10 26 8 32 9 28 6 1 11 11 
186 24 10 33 98 28 3 1 2 2 
19 18 14 32 15 24 9 2 30 32 
132 5 10 35 30 16 13 7 13 13 
146 2 14 44 109 19 247 67 322 1316 
82 2 30 26 63 13 195 76 183 794 
1 2 1 2 1 2 0 0 1 1 
162 34 150 36 157 35 5 2 5 5 
160 33 7 37 83 35 1 0 6 6 
186 25 186 27 186 26 6 3 3 3 
23 24 14 36 16 27 12 2 35 36 
29 22 28 30 28 26 10 2 10 16 
186 21 186 21 186 21 6 6 1 1 
13 18 12 20 12 19 10 7 4 4 
186 15 186 16 186 15 2 1 2 2 
150 2 88 49 112 23 240 66 335 1374 
85 2 84 2 84 2 38 36 0 2 
86 2 38 32 66 16 255 75 214 1027 
1 2 1 2 1 2 0 0 1 1 
22 48 16 50 18 49 2 0 11 11 
4 37 3 38 3 37 4 2 3 3 
11 34 8 35 9 34 6 2 6 6 
186 32 186 36 186 34 3 0 5 5 
167 31 166 31 166 31 2 1 2 2 
31 22 15 32 22 26 8 3 34 39 
186 15 186 15 186 15 0 0 1 1 
166 13 16 34 55 30 17 3 16 17 
18 9 13 23 15 16 14 8 19 19 
138 2 94 12 109 7 95 47 78 296 
157 2 93 48 120 25 245 74 247 1077 
90 2 40 31 68 15 255 74 202 1041 
1 2 1 2 1 2 0 0 1 1 
19 42 13 45 16 43 2 0 14 14 
19 38 10 44 13 39 5 1 19 20 
169 35 157 37 166 36 8 3 5 5 
167 29 7 38 84 33 31 4 7 8 
186 24 29 27 107 25 11 7 2 2 
30 18 11 30 22 24 33 5 64 72 
15 16 14 18 14 17 12 8 4 4 
140 14 51 16 73 15 25 19 4 4 
157 2 94 52 119 24 242 67 380 1504 
91 2 44 31 70 15 242 78 172 983 
22 2 16 12 18 6 14 10 14 17 
1 2 1 2 1 2 0 0 1 1 
24 44 20 48 22 46 12 2 11 13 
23 41 14 43 18 42 5 2 13 13 
169 35 150 39 157 36 26 5 33 36 
33 28 31 29 31 28 20 14 4 4 
17 26 3 38 11 32 5 0 27 27 
55 23 50 31 53 26 21 4 22 25 
35 22 21 34 27 28 18 4 40 40 
20 18 18 21 18 19 11 7 6 6 
57 16 56 18 56 17 21 19 4 4 
24 6 22 11 22 8 11 8 9 9 
148 2 98 52 124 25 232 67 363 1519 
97 2 53 33 75 15 255 77 184 1063 
24 2 24 2 24 2 3 3 1 1 
1 2 1 2 1 2 0 0 1 1 
52 48 42 51 47 49 14 1 21 21 
52 43 42 45 46 44 9 3 15 15 
186 31 58 35 94 32 20 11 7 8 
62 31 53 35 57 32 18 11 8 8 
63 26 39 38 49 31 21 5 64 68 
88 25 27 40 62 32 18 4 52 54 
46 21 44 24 44 22 16 10 6 6 
186 2 123 54 151 24 223 65 361 1479 
124 2 79 35 103 17 246 76 202 1077 
86 2 74 3 78 2 21 11 18 19 
1 2 1 2 1 2 0 0 1 1 
1 50 1 52 1 51 10 6 3 3 
186 46 185 47 185 46 36 16 3 3 
75 41 64 49 70 44 22 3 49 54 
86 24 47 42 68 31 37 6 114 126 
1 22 1 48 1 35 19 12 27 27 
107 16 106 18 106 17 17 14 4 4 
68 10 65 22 66 16 15 7 25 27 
186 2 100 52 147 17 255 71 432 2175 
90 2 86 2 88 2 10 4 4 5 
1 2 1 2 1 2 0 0 1 1 
83 40 72 47 77 43 27 3 54 61 
92 28 88 32 90 29 29 16 8 10 
93 28 83 35 86 32 32 8 30 37 
72 26 55 47 62 35 20 2 58 60 
83 22 74 27 79 24 21 4 24 27 
74 16 73 21 73 18 15 11 8 8 
74 11 73 13 73 12 10 7 5 5 
1 10 1 39 1 24 15 6 30 30 
186 2 149 38 171 15 227 74 165 881 
154 2 106 29 131 14 255 72 206 974 
1 2 1 2 1 2 0 0 1 1 
1 51 1 52 1 51 6 3 2 2 
186 50 183 51 184 50 3 1 5 5 
74 44 64 46 69 45 8 1 22 22 
72 39 64 41 68 39 9 3 18 18 
60 33 47 38 53 35 7 2 27 27 
85 27 81 31 82 28 22 16 8 10 
64 23 60 30 62 26 12 4 15 15 
86 21 68 34 76 28 29 7 57 63 
1 20 1 47 1 33 19 12 28 28 
107 19 103 28 105 23 26 6 22 23 
186 2 147 47 169 18 218 72 201 1100 
147 2 99 29 125 13 255 76 165 935 
81 2 81 2 81 2 6 6 1 1 
1 2 1 2 1 2 0 0 1 1 
21 50 12 52 16 51 4 0 18 18 
19 45 12 46 15 45 5 1 10 10 
168 38 167 39 167 38 6 4 3 3 
159 37 149 42 154 40 23 9 31 34 
186 35 186 37 186 36 0 0 3 3 
173 35 172 36 172 35 8 4 3 3 
52 34 51 35 51 34 3 2 3 3 
12 34 11 35 11 34 1 0 3 3 
160 33 158 35 159 34 16 8 6 6 
52 27 47 32 50 29 15 5 18 19 
16 27 12 31 13 29 7 3 11 12 
33 25 22 38 26 34 12 3 34 35 
186 23 186 23 186 23 2 2 1 1 
140 2 131 3 135 2 21 15 15 16 
105 2 97 7 100 4 29 12 26 31 
147 2 52 57 101 25 255 69 606 2725 
1 2 1 2 1 2 0 0 1 1 
139 39 112 41 132 39 12 3 9 10 
136 34 120 42 126 39 22 6 30 33 
125 20 15 41 78 28 22 9 12 16 
22 16 15 26 17 21 23 11 13 13 
185 2 177 4 181 2 24 3 14 22 
116 2 98 6 106 3 129 35 32 68 
96 2 55 18 76 15 90 50 9 39 
121 2 15 57 66 25 255 70 567 2563 
1 2 1 2 1 2 4 4 1 1 
126 41 116 45 121 43 8 3 21 24 
111 26 1 44 69 38 43 15 10 14 
186 23 182 31 184 26 53 13 23 38 
97 20 6 24 25 22 15 5 13 14 
181 2 6 26 171 5 144 24 35 79 
164 2 152 3 158 2 12 2 16 24 
106 2 87 8 96 4 138 51 41 115 
115 2 48 59 73 32 232 66 427 1611 
51 2 46 3 48 2 32 20 6 9 
47 2 10 37 29 17 255 76 161 986 
1 2 1 2 1 2 13 13 1 1 
91 43 48 60 70 49 28 6 12 14 
90 39 82 47 85 42 19 5 20 24 
178 17 63 47 156 24 110 35 47 99 
178 7 147 29 158 15 137 26 65 136 
186 2 180 24 183 14 122 38 39 83 
186 2 126 31 136 6 220 47 45 119 
77 2 59 9 68 5 168 52 42 127 
163 2 1 61 36 28 227 66 556 2180 
59 49 57 49 58 49 37 24 0 3 
73 48 57 50 65 49 13 6 16 16 
69 47 68 48 68 47 20 12 4 4 
73 42 70 46 71 43 13 6 10 10 
147 34 138 41 142 37 61 14 44 70 
163 24 48 27 154 25 37 15 18 23 
181 16 152 35 166 26 166 52 82 226 
180 14 170 28 173 23 19 13 22 26 
144 14 133 23 138 18 156 24 50 101 
127 6 112 16 119 11 188 41 62 141 
186 2 184 26 185 14 67 6 33 37 
174 2 164 4 168 2 34 5 19 24 
64 2 47 11 55 6 168 52 45 151 
78 2 1 64 24 31 237 62 494 1725 
80 42 49 49 76 45 22 4 23 26 
80 37 1 48 42 43 6 1 9 9 
166 22 48 49 153 25 112 40 35 73 
182 13 154 33 171 22 164 47 83 197 
146 12 134 20 140 16 154 27 50 100 
176 11 170 13 172 11 16 11 11 11 
126 4 117 5 120 4 11 5 14 17 
186 3 114 14 122 9 221 46 49 126 
186 2 48 27 95 7 169 42 42 89 
186 2 20 30 55 8 179 44 45 105 
149 2 1 64 30 33 226 62 513 1793 
49 61 43 63 46 61 23 5 10 13 
91 42 61 46 79 44 30 8 22 26 
94 37 84 45 90 40 8 2 5 6 
158 25 83 46 135 31 14 5 7 7 
159 24 61 33 150 28 59 14 38 65 
175 15 163 25 168 20 110 38 51 123 
170 5 146 26 158 15 13 6 12 12 
186 4 143 25 168 11 141 36 102 230 
186 3 186 36 186 28 14 9 12 12 
137 2 121 8 128 4 208 46 36 94 
72 2 54 10 63 5 140 53 43 131 
80 2 1 60 29 30 246 66 524 2018 
127 36 108 39 117 38 10 4 18 18 
1 24 1 30 1 27 0 0 7 7 
186 23 184 30 184 26 25 6 16 18 
184 2 172 8 177 4 106 26 30 66 
103 2 92 3 97 2 20 15 17 17 
121 2 48 53 73 26 223 68 398 1562 
49 2 10 32 29 15 208 76 157 907 
1 2 1 2 1 2 1 1 1 1 
133 48 127 49 129 48 11 5 7 9 
13 41 6 43 9 41 1 0 12 12 
169 34 152 36 159 35 8 4 11 12 
168 27 2 37 132 34 4 1 15 15 
26 26 19 27 22 26 10 2 12 12 
49 23 48 24 48 23 2 1 3 3 
44 23 43 24 43 23 3 1 3 3 
18 21 17 25 17 22 10 3 6 6 
45 18 43 20 44 19 11 4 5 5 
17 15 16 17 16 16 12 4 4 4 
16 4 15 6 15 5 13 10 4 4 
158 2 46 46 99 18 217 72 503 2347 
1 2 1 2 1 2 0 0 1 1 
186 49 181 50 183 49 6 1 11 11 
1 42 1 44 1 43 9 7 3 3 
69 32 61 34 65 32 5 0 13 13 
65 26 60 28 62 27 8 4 11 12 
57 20 44 26 50 22 4 1 25 25 
1 20 1 39 1 29 20 11 20 20 
82 15 77 19 79 16 15 10 8 8 
82 14 72 20 74 18 26 6 27 28 
60 12 56 16 58 13 6 2 10 10 
70 9 65 11 67 10 8 2 12 12 
104 8 99 16 101 11 13 3 18 19 
186 2 146 46 169 17 210 72 193 1010 
145 2 106 20 127 9 190 75 122 557 
1 2 1 2 1 2 0 0 1 1 
118 23 106 31 111 26 15 1 51 54 
126 12 123 13 124 12 17 12 6 6 
127 10 117 17 120 14 26 5 27 31 
1 7 1 14 1 10 5 0 8 8 
186 6 184 13 184 9 17 5 11 16 
115 6 107 9 110 7 9 4 20 20 
105 6 87 25 97 16 13 3 56 60 
186 2 185 4 185 2 4 1 3 4 
183 2 140 19 165 8 184 58 156 447 
103 2 103 2 103 2 10 10 1 1 
1 2 1 2 1 2 0 0 1 1 
117 26 106 34 110 30 8 2 44 46 
128 14 119 20 122 17 23 6 28 34 
115 8 88 28 102 16 15 3 73 77 
1 7 1 14 1 10 0 0 8 8 
186 2 141 17 166 7 183 52 183 499 
118 2 118 2 118 2 3 3 1 1 
103 2 101 2 102 2 8 7 2 3 
1 2 1 2 1 2 0 0 1 1 
74 44 65 46 69 45 7 0 19 19 
186 42 186 42 186 42 0 0 1 1 
74 38 64 41 68 39 9 3 19 19 
60 33 48 39 53 35 8 1 26 26 
1 33 1 37 1 35 14 12 5 5 
84 29 75 31 79 30 30 6 21 23 
83 26 81 27 82 26 19 14 4 4 
61 25 59 30 60 27 16 5 11 12 
73 21 65 25 69 22 19 4 19 21 
1 21 1 31 1 26 18 13 11 11 
106 17 97 24 102 19 16 4 30 31 
186 2 94 39 148 13 248 76 337 1778 
1 2 1 2 1 2 0 0 1 1 
32 45 23 49 28 47 5 0 18 18 
28 42 23 44 25 42 7 2 11 11 
186 34 186 37 186 35 0 0 4 4 
178 31 168 33 173 32 7 2 7 7 
177 28 39 33 73 29 21 13 4 4 
23 28 21 33 22 30 15 3 9 11 
42 24 10 39 29 30 26 4 62 70 
62 23 36 34 57 26 19 4 28 29 
24 23 23 25 23 24 11 10 4 4 
26 15 25 18 25 16 13 10 4 4 
64 14 62 16 63 15 24 17 6 6 
168 2 104 48 131 22 250 69 348 1496 
101 2 58 30 81 14 255 82 166 1007 
1 2 1 2 1 2 0 0 1 1 
25 43 23 44 24 43 1 0 5 5 
168 33 165 35 166 34 8 2 7 7 
16 30 7 34 12 32 6 1 18 18 
36 22 21 29 29 25 12 3 39 42 
19 19 17 22 18 20 13 9 7 7 
96 12 95 13 95 12 9 6 3 3 
21 12 20 14 20 12 10 9 4 4 
144 10 56 12 81 11 30 20 7 7 
22 7 21 10 21 8 12 9 5 5 
163 2 96 46 122 21 248 71 350 1517 
93 2 46 27 73 14 210 86 155 900 
25 2 23 4 23 2 17 9 5 7 
1 2 1 2 1 2 1 1 1 1 
158 32 15 39 82 36 8 1 29 31 
29 28 19 42 23 32 7 2 28 29 
34 27 23 41 30 31 7 2 10 12 
18 25 17 29 17 27 13 10 9 10 
186 20 186 21 186 20 4 3 2 2 
23 9 22 10 22 9 11 9 3 3 
160 2 43 49 97 21 242 78 541 2499 
1 2 1 2 1 2 1 1 1 1 
35 46 34 47 34 46 4 2 3 3 
165 39 158 40 161 39 13 7 5 5 
168 38 167 39 167 38 6 3 3 3 
166 31 38 40 59 35 14 2 25 25 
54 30 49 35 51 33 18 5 13 19 
37 10 20 40 30 29 22 6 79 84 
146 2 39 44 130 6 112 27 34 55 
165 2 21 53 107 25 241 74 631 2509 
1 2 1 2 1 2 1 1 1 1 
42 38 27 44 35 40 10 2 37 38 
163 35 46 39 110 38 8 3 16 16 
148 18 39 41 55 26 15 7 8 8 
41 15 36 34 38 25 18 10 27 27 
167 4 57 52 109 26 248 74 598 2345 
145 2 129 5 137 3 111 29 28 52 
1 2 1 2 1 2 0 0 1 1 
139 61 135 62 136 61 4 1 6 6 
48 40 47 41 47 40 8 7 3 3 
186 39 186 39 186 39 4 4 1 1 
167 39 166 41 166 39 9 5 5 5 
159 22 30 43 51 37 23 8 67 71 
145 17 30 45 58 31 14 5 9 10 
43 17 42 18 42 17 12 9 3 3 
164 7 55 55 109 30 247 76 570 2268 
144 2 129 10 135 5 178 43 47 120 
1 2 1 2 1 2 0 0 1 1 
67 39 62 47 63 41 3 0 14 15 
176 38 175 39 175 38 2 1 3 3 
166 18 55 40 128 30 15 6 13 13 
52 18 51 20 51 18 10 7 4 4 
120 9 48 40 55 28 19 11 42 44 
166 8 41 52 114 29 245 74 576 2152 
148 2 132 9 139 4 164 44 40 99 
1 2 1 2 1 2 0 0 1 1 
108 88 106 89 107 88 9 7 4 4 
165 18 48 37 74 30 22 9 39 44 
148 9 43 47 68 35 25 6 63 69 
165 9 62 49 113 28 244 76 514 1991 
144 2 129 7 136 4 166 45 31 79 
1 2 1 2 1 2 0 0 1 1 
115 58 114 60 114 58 11 5 4 4 
46 46 33 50 40 48 11 1 25 26 
55 45 51 52 52 47 5 0 15 16 
149 36 148 38 148 37 10 3 4 4 
145 32 38 38 78 36 33 12 10 13 
133 14 37 45 76 20 70 28 83 156 
145 12 61 51 102 32 255 81 417 1735 
130 2 116 12 122 6 174 37 55 132 
76 2 59 6 67 3 151 46 29 76 
1 2 1 2 1 2 1 1 1 1 
118 81 116 83 116 82 22 19 4 4 
124 59 123 60 123 59 15 14 3 3 
126 56 125 58 125 57 8 4 4 4 
165 38 159 40 161 39 6 2 13 14 
156 34 51 40 73 37 16 10 14 15 
61 23 47 49 55 42 22 4 49 55 
145 15 131 20 134 16 10 8 4 4 
157 10 64 50 112 29 249 77 501 1843 
142 2 128 11 134 5 165 36 55 118 
89 2 75 4 81 2 38 17 24 29 
1 2 1 2 1 2 0 0 1 1 
131 74 130 78 130 76 23 15 7 7 
147 58 138 61 142 59 20 6 20 23 
85 47 84 48 84 47 4 2 3 3 
81 42 79 48 80 45 6 1 9 9 
168 39 168 39 168 39 33 33 1 1 
172 20 71 41 110 35 21 9 15 17 
90 16 69 44 74 34 24 9 41 43 
122 14 67 44 105 20 87 37 85 218 
179 13 83 52 133 32 255 82 389 1514 
154 4 142 13 148 8 172 38 48 100 
107 2 90 6 98 3 125 43 29 74 
1 2 1 2 1 2 0 0 1 1 
149 68 147 69 148 68 52 51 0 4 
152 58 143 62 146 60 22 9 21 23 
87 45 85 50 86 47 3 1 8 8 
83 43 73 49 77 45 9 1 26 27 
95 42 91 50 92 45 10 2 16 18 
180 38 76 40 125 39 23 11 11 12 
78 23 76 35 77 28 15 10 14 14 
180 16 76 52 134 32 249 78 427 1640 
145 14 132 17 138 15 24 10 28 31 
157 5 145 13 150 9 173 37 47 99 
110 2 93 10 101 5 255 79 37 125 
1 2 1 2 1 2 0 0 1 1 
134 70 132 73 133 71 56 53 0 7 
138 61 128 65 133 62 26 10 27 30 
72 48 71 54 71 50 11 2 10 10 
77 47 76 54 76 50 13 5 14 14 
169 32 62 47 82 39 19 12 21 21 
149 19 111 27 130 23 14 12 2 2 
168 18 59 56 119 37 255 76 471 1707 
120 13 119 14 119 13 20 17 3 3 
144 10 132 18 138 14 165 39 46 99 
97 4 82 14 89 8 255 67 58 165 
1 2 1 2 1 2 0 0 1 1 
129 73 127 75 127 73 55 53 0 6 
132 64 123 68 127 65 28 11 30 33 
67 52 65 57 66 54 12 2 9 9 
74 50 70 56 71 51 13 3 16 18 
162 35 57 50 91 44 19 9 35 35 
64 31 54 55 58 49 20 5 34 38 
145 27 70 30 95 28 11 7 6 6 
164 22 76 59 114 39 243 78 422 1657 
139 13 127 22 133 17 165 38 52 100 
92 7 78 17 84 11 255 69 52 156 
1 2 1 2 1 2 0 0 1 1 
121 72 119 80 120 75 53 51 0 12 
124 65 114 70 118 67 29 12 32 35 
55 51 46 53 50 52 27 2 18 19 
56 48 55 49 55 48 12 10 3 3 
158 25 71 48 91 31 73 33 78 176 
158 24 72 60 109 42 255 83 381 1544 
133 15 120 23 126 19 124 40 53 108 
86 8 70 18 78 12 255 63 66 169 
1 2 1 2 1 2 0 0 1 1 
74 73 72 79 73 75 58 53 0 13 
78 65 68 68 72 66 23 9 25 25 
11 52 4 54 7 52 6 1 12 13 
117 46 101 47 110 46 29 10 5 6 
124 44 119 46 121 45 7 4 9 9 
117 41 96 47 104 43 52 32 2 5 
186 28 91 32 167 30 10 2 5 5 
186 25 23 60 61 41 230 78 478 1753 
76 23 61 27 68 25 31 16 36 39 
90 16 76 24 82 19 111 42 55 117 
182 13 181 20 181 16 16 6 12 12 
179 12 176 20 177 15 20 5 18 19 
186 8 186 9 186 8 0 0 2 2 
46 4 30 15 37 9 255 62 67 173 
135 2 122 4 127 2 25 3 20 26 
1 2 1 2 1 2 2 2 1 1 
34 79 33 81 33 80 55 53 0 4 
40 70 39 71 39 70 5 4 3 3 
35 69 27 75 29 71 26 9 23 25 
20 58 19 59 19 58 1 0 3 3 
80 46 63 52 74 49 17 6 22 25 
77 23 1 64 25 43 244 75 416 1500 
186 22 186 53 186 37 21 10 32 32 
150 20 142 29 146 24 44 9 45 66 
50 18 38 26 43 22 153 41 46 94 
11 18 10 19 10 18 6 4 4 4 
8 17 7 18 7 17 9 7 3 3 
167 2 153 17 160 9 108 42 69 177 
135 2 119 7 126 4 168 39 30 85 
103 2 86 9 94 5 180 56 37 121 
18 2 1 11 10 5 243 67 49 125 
186 85 186 92 186 88 3 2 8 8 
186 82 186 82 186 82 1 1 1 1 
186 77 186 79 186 78 5 3 3 3 
23 74 21 75 22 74 54 50 0 6 
26 62 17 68 21 64 30 11 27 34 
145 25 44 48 127 29 40 8 28 36 
186 12 16 34 124 26 64 14 42 61 
186 12 1 57 25 35 245 68 438 1381 
45 11 34 20 39 15 147 41 44 95 
164 9 151 24 157 16 109 42 73 179 
25 9 23 10 24 9 29 21 4 4 
10 7 7 9 8 8 9 4 6 6 
185 2 168 10 176 5 138 51 47 119 
133 2 117 10 124 5 191 44 44 132 
100 2 84 8 91 4 209 52 31 101 
1 2 1 2 1 2 1 1 1 1 
186 82 186 88 186 85 4 1 7 7 
186 80 186 80 186 80 0 0 1 1 
186 76 186 78 186 77 7 3 3 3 
28 61 20 65 23 62 26 7 25 27 
74 40 57 45 69 42 64 17 17 26 
147 22 47 44 118 30 14 4 27 27 
147 14 1 56 25 35 239 72 401 1364 
186 13 186 42 186 27 17 11 30 30 
16 12 1 17 9 14 17 7 34 34 
47 9 36 18 41 13 167 37 51 98 
167 7 153 21 159 14 109 41 72 175 
186 2 171 8 178 4 108 37 39 83 
135 2 119 7 126 4 184 38 32 86 
102 2 86 5 94 3 182 31 25 60 
1 2 1 2 1 2 0 0 1 1 
186 97 186 97 186 97 2 2 1 1 
186 93 186 94 186 93 2 1 2 2 
186 90 186 91 186 90 4 3 2 2 
186 86 186 88 186 87 1 0 3 3 
186 78 186 82 186 80 4 1 5 5 
31 71 30 75 30 72 17 8 8 9 
27 71 18 75 22 72 27 9 24 24 
73 53 62 58 70 54 51 16 13 21 
145 34 47 57 124 39 41 6 25 30 
145 20 20 58 67 30 161 16 83 112 
162 15 16 29 88 22 150 36 51 104 
186 14 150 23 159 21 109 51 21 62 
186 14 12 31 151 26 104 36 46 95 
186 14 1 65 24 41 245 70 424 1439 
131 9 117 19 123 14 178 38 54 147 
99 8 85 19 92 13 176 48 65 161 
182 2 165 13 173 6 155 60 47 154 
20 2 8 5 14 3 128 24 26 38 
1 2 1 2 1 2 0 0 1 1 
27 79 25 81 26 79 56 52 0 7 
186 78 186 90 186 84 8 5 13 13 
35 70 33 72 34 71 9 4 6 6 
30 70 22 75 25 72 25 11 29 31 
68 57 67 58 67 57 4 2 3 3 
76 53 54 57 70 54 67 24 5 9 
148 33 49 56 135 37 44 11 31 49 
186 24 140 41 160 36 36 8 33 37 
186 20 21 58 53 28 149 33 77 126 
30 16 17 22 24 18 19 13 5 5 
63 15 1 66 23 42 247 74 413 1476 
166 14 152 30 158 21 109 41 78 180 
15 14 13 16 14 14 13 6 4 4 
134 8 120 18 126 13 178 39 53 144 
102 8 88 18 94 12 194 48 55 155 
184 2 167 11 175 5 148 53 44 126 
22 2 9 6 15 3 204 38 26 53 
1 2 1 2 1 2 0 0 1 1 
186 84 186 91 186 87 5 3 8 8 
186 79 186 80 186 79 2 1 2 2 
31 64 29 69 30 65 17 10 9 9 
27 63 18 68 21 64 24 7 24 25 
72 43 56 48 69 45 68 13 13 19 
145 25 44 48 126 30 38 6 30 36 
145 16 16 34 70 25 64 13 58 76 
186 13 186 24 186 18 17 9 12 12 
186 13 1 58 24 36 249 73 364 1285 
46 12 34 20 39 15 147 40 48 95 
165 9 151 24 157 16 108 41 75 180 
26 8 24 11 25 9 21 16 5 5 
185 2 168 9 176 4 133 48 39 104 
133 2 117 10 124 5 180 43 42 128 
100 2 84 9 91 4 200 56 30 106 
1 2 1 2 1 2 0 0 1 1 
29 47 23 49 26 48 11 5 11 14 
103 32 94 41 98 36 48 8 45 62 
17 23 1 50 4 36 77 28 84 151 
186 21 186 48 186 34 0 0 28 28 
126 19 111 32 118 25 112 45 71 182 
153 6 83 7 99 6 23 8 18 20 
1 5 1 5 1 5 9 9 1 1 
181 4 79 17 105 10 174 35 74 188 
14 4 5 7 9 5 108 27 20 33 
183 2 5 21 135 11 167 54 182 470 
66 2 50 10 57 5 179 57 41 135 
1 2 1 2 1 2 2 2 1 1 
8 48 4 51 6 50 39 6 10 13 
186 43 186 47 186 45 2 1 5 5 
186 38 186 41 186 39 2 0 4 4 
186 36 186 36 186 36 2 2 1 1 
78 36 70 44 73 39 38 7 46 62 
103 23 88 36 95 29 112 46 68 183 
136 11 116 25 125 18 172 64 89 256 
167 9 150 18 158 13 128 44 57 161 
74 8 58 19 65 14 156 36 64 155 
127 6 112 11 120 8 40 14 29 33 
47 2 31 11 38 6 196 50 51 145 
1 2 1 2 1 2 0 0 1 1 
186 43 186 48 186 45 8 3 6 6 
72 34 64 42 68 37 40 5 40 49 
97 21 82 34 89 27 112 45 73 180 
163 10 146 20 154 14 132 44 61 163 
131 9 111 24 120 17 172 65 90 257 
123 6 110 9 116 7 45 16 25 30 
68 6 53 17 60 11 160 36 66 158 
42 2 26 8 33 4 187 45 38 94 
1 2 1 2 1 2 0 0 1 1 
9 45 4 47 6 46 9 2 10 11 
186 32 186 34 186 33 1 0 3 3 
81 31 73 38 76 34 30 5 41 48 
186 30 186 30 186 30 3 3 1 1 
186 24 186 27 186 25 10 6 4 4 
107 18 91 31 98 24 111 46 71 189 
171 7 154 17 162 11 127 41 66 172 
140 2 119 21 129 13 172 59 119 311 
77 2 61 14 69 8 138 34 69 180 
48 2 32 6 40 3 168 35 30 68 
1 2 1 2 1 2 0 0 1 1 
186 94 186 94 186 94 4 4 1 1 
186 61 186 92 186 76 7 2 32 32 
4 59 3 60 3 59 6 3 3 3 
42 43 35 45 38 44 21 4 12 14 
118 29 110 38 113 33 44 13 46 66 
142 17 20 23 133 19 107 39 36 82 
142 7 1 51 30 30 199 57 203 659 
171 6 151 20 160 12 162 60 94 270 
186 4 179 45 183 14 101 26 65 110 
160 2 160 2 160 2 21 21 1 1 
157 2 150 4 152 2 23 12 13 14 
110 2 94 13 102 7 144 35 60 181 
79 2 62 7 70 4 154 46 33 88 
25 2 14 11 19 6 117 36 50 106 
11 2 5 13 7 6 35 12 37 42 
1 2 1 2 1 2 1 1 1 1 
58 92 57 93 57 92 10 6 4 4 
56 55 43 60 47 57 29 9 31 31 
103 42 95 44 98 43 7 2 12 12 
171 26 75 42 159 31 35 7 46 58 
186 10 41 25 161 15 103 42 40 120 
186 9 9 50 46 28 255 75 480 1743 
73 7 60 15 66 11 125 37 52 108 
32 5 31 6 31 5 14 8 3 3 
159 2 143 8 150 4 161 42 34 97 
128 2 112 5 120 3 146 30 26 60 
1 2 1 2 1 2 5 5 1 1 
66 63 63 64 64 63 55 53 0 7 
69 53 58 57 64 55 28 11 31 36 
13 40 12 44 12 41 4 0 6 6 
118 37 94 38 109 37 19 10 3 3 
118 36 6 40 91 38 24 5 16 18 
186 24 1 45 30 38 8 1 19 22 
186 22 186 22 186 22 6 6 1 1 
182 20 87 22 167 20 14 5 14 15 
182 15 1 28 174 24 36 7 28 38 
76 12 1 21 62 20 81 45 7 24 
71 11 56 16 63 13 20 10 32 32 
104 11 21 49 55 29 255 80 407 1594 
85 6 72 14 78 9 159 39 51 105 
186 3 184 17 185 10 25 4 22 26 
164 2 160 2 162 2 1 0 5 5 
39 2 31 2 35 2 23 17 9 9 
1 2 1 2 1 2 19 19 1 1 
36 62 32 65 34 63 55 53 0 7 
41 56 40 58 40 57 21 15 4 4 
37 52 29 57 32 54 28 9 27 31 
42 51 40 53 41 52 4 1 6 6 
82 30 57 34 75 32 57 21 7 19 
186 15 53 36 136 20 39 7 29 36 
186 14 149 39 157 22 29 6 30 36 
186 12 186 12 186 12 4 4 1 1 
41 12 40 13 40 12 19 11 3 3 
186 8 1 47 29 28 255 76 425 1480 
175 2 161 15 168 8 105 40 64 172 
54 2 42 10 47 5 165 35 46 99 
31 2 31 2 31 2 14 14 1 1 
1 2 1 2 1 2 0 0 1 1 
186 93 186 93 186 93 1 1 1 1 
186 81 186 84 186 82 3 1 4 4 
1 81 1 81 1 81 22 22 1 1 
12 73 11 74 11 73 27 25 3 3 
186 67 186 79 186 73 8 3 13 13 
11 59 10 67 10 62 27 12 16 17 
7 59 1 77 3 68 62 34 41 87 
43 18 1 53 11 34 255 73 190 644 
186 17 186 49 186 33 16 10 33 33 
124 15 116 23 119 19 32 5 45 56 
10 9 3 16 6 12 55 17 29 39 
24 5 12 14 18 9 149 36 49 96 
177 2 160 4 167 2 50 15 28 39 
148 2 132 15 139 7 108 43 70 192 
10 2 4 7 6 4 33 13 16 20 
1 2 1 2 1 2 0 0 1 1 
186 72 186 93 186 82 6 1 22 22 
186 69 186 70 186 69 1 0 2 2 
112 17 15 37 94 23 42 7 64 83 
26 15 1 42 6 28 87 36 111 267 
186 14 186 41 186 27 14 7 28 28 
173 2 151 8 162 4 165 60 45 138 
138 2 122 17 130 10 109 41 78 209 
16 2 5 7 10 4 120 38 26 57 
2 2 1 5 1 3 8 2 4 5 
15 33 1 39 7 36 17 4 32 32 
186 18 186 25 186 21 12 8 8 8 
4 17 1 26 2 20 24 12 14 15 
102 15 93 23 97 18 37 7 48 68 
168 2 146 5 157 3 164 48 33 83 
130 2 113 15 121 7 110 46 71 204 
8 2 1 5 3 3 69 14 20 27 
10 33 1 38 6 36 13 3 21 22 
186 26 186 34 186 30 16 11 9 9 
186 24 186 24 186 24 7 7 1 1 
100 18 91 26 95 22 45 11 48 78 
3 16 1 19 1 17 12 6 7 7 
186 2 179 8 183 4 39 9 24 38 
167 2 145 7 156 4 168 60 43 122 
128 2 112 17 120 9 111 46 75 218 
6 2 6 2 6 2 3 3 1 1 
3 2 1 3 2 2 13 4 3 4 
10 37 1 41 6 39 16 3 20 21 
186 31 186 36 186 33 15 10 6 6 
102 22 93 30 97 26 40 6 43 58 
186 21 186 26 186 23 14 9 6 6 
4 19 1 23 2 20 17 8 11 11 
132 5 114 20 122 12 112 46 87 225 
170 2 148 7 158 4 167 57 38 110 
9 2 1 7 4 3 76 18 26 41 
8 39 1 43 4 41 32 7 22 27 
15 38 14 40 14 39 2 1 4 4 
17 33 16 34 16 33 1 0 3 3 
186 23 186 30 186 26 14 9 8 8 
3 23 1 29 1 25 26 12 12 13 
105 20 96 30 100 25 41 7 52 70 
168 2 152 3 158 2 19 13 20 24 
134 2 116 18 125 9 110 45 88 246 
8 2 1 9 4 5 85 18 29 52 
186 87 186 93 186 90 3 1 7 7 
20 19 1 42 6 31 80 29 99 186 
186 18 186 40 186 29 14 9 23 23 
115 17 106 26 110 21 35 6 56 71 
2 12 1 14 1 13 11 6 5 5 
146 2 126 13 135 6 109 49 61 196 
12 2 1 10 6 5 105 32 41 81 
186 87 186 92 186 89 4 1 6 6 
20 30 11 38 17 35 15 4 16 18 
17 20 1 43 4 31 82 33 76 154 
186 19 186 41 186 30 16 10 23 23 
115 17 106 27 110 21 37 4 54 66 
2 13 1 16 1 14 16 7 7 7 
186 6 186 11 186 8 3 0 6 6 
146 2 126 13 135 6 110 50 60 186 
45 2 43 4 43 2 7 4 3 6 
40 2 38 4 39 2 6 4 3 5 
11 2 1 11 6 6 110 29 51 91 
6 84 1 93 3 88 60 24 29 42 
186 71 186 94 186 82 9 2 24 24 
24 28 14 36 20 32 11 4 22 22 
29 19 13 21 25 19 6 2 5 5 
28 19 1 44 6 31 192 41 102 255 
186 18 186 43 186 30 15 9 26 26 
123 12 113 22 117 17 41 6 58 75 
153 2 134 8 141 4 105 36 39 91 
13 2 1 16 6 7 124 27 89 137 
7 82 1 90 3 85 68 25 33 45 
4 74 3 75 3 74 12 7 3 3 
186 67 186 90 186 78 9 1 24 24 
35 25 34 26 34 25 2 0 3 3 
21 15 1 42 8 28 204 55 129 370 
186 14 186 41 186 27 13 7 28 28 
129 14 119 24 123 19 32 4 57 72 
160 2 12 11 146 5 108 42 50 129 
17 2 1 14 8 6 118 29 84 139 
11 85 1 92 5 88 94 30 43 71 
3 64 2 65 2 64 6 4 3 3 
186 63 186 92 186 77 9 2 30 30 
37 31 30 42 32 37 12 0 23 25 
29 18 18 39 23 31 34 5 75 91 
13 18 1 47 5 31 255 95 74 297 
186 17 186 46 186 31 11 6 30 30 
134 14 124 25 129 19 32 3 62 70 
17 4 3 18 10 10 105 22 99 156 
162 2 144 8 151 4 97 36 38 85 
11 2 11 2 11 2 16 16 1 1 
1 2 1 2 1 2 0 0 1 1 
5 84 1 90 3 86 112 27 20 32 
4 74 2 80 2 77 18 5 15 15 
186 70 186 89 186 79 7 1 20 20 
186 30 21 37 144 32 12 7 4 4 
27 30 26 36 26 32 17 4 10 10 
31 24 4 45 13 35 82 20 155 258 
3 23 1 32 1 27 24 7 14 16 
186 22 186 27 186 24 12 7 6 6 
133 13 123 24 127 18 36 5 61 81 
14 11 13 12 13 11 1 0 3 3 
14 4 9 9 11 7 14 3 15 17 
155 2 144 6 149 3 83 23 24 43 
8 2 8 2 8 2 3 3 1 1 
1 2 1 2 1 2 0 0 1 1 
17 31 16 34 16 32 10 5 7 7 
186 24 12 44 31 38 10 1 26 27 
186 24 1 46 22 33 187 34 111 226 
8 22 7 23 7 22 1 0 3 3 
126 12 116 23 120 17 38 2 63 71 
11 6 1 21 5 13 108 27 77 129 
146 2 139 3 142 2 16 9 11 14 
1 2 1 2 1 2 0 0 1 1 
1 92 1 92 1 92 5 5 1 1 
6 80 1 86 3 83 98 33 22 34 
186 76 186 84 186 80 3 1 9 9 
35 42 25 45 30 43 5 0 20 20 
26 33 24 40 24 36 19 5 14 15 
186 30 186 49 186 39 12 4 20 20 
22 24 1 50 9 35 255 81 112 405 
136 11 129 22 133 17 27 4 30 36 
131 11 126 22 127 16 30 3 28 31 
17 8 3 24 10 15 121 31 105 182 
1 2 1 2 1 2 0 0 1 1 
186 91 186 91 186 91 0 0 1 1 
186 87 186 89 186 88 0 0 3 3 
6 81 1 85 3 82 57 20 15 27 
21 79 9 86 14 81 97 36 43 72 
186 68 186 85 186 76 3 0 18 18 
9 67 7 75 8 71 32 18 19 21 
18 63 7 70 12 65 28 7 36 38 
52 33 39 45 43 40 13 3 43 44 
186 21 8 38 27 36 255 102 7 30 
186 15 6 22 51 17 20 13 4 4 
186 12 14 37 40 18 130 35 82 133 
186 12 8 47 56 26 29 9 43 47 
37 10 1 55 15 37 255 68 247 757 
152 7 146 19 149 13 25 4 29 33 
147 7 142 19 143 12 20 2 32 32 
1 2 1 2 1 2 0 0 1 1 
19 80 7 86 13 83 67 22 44 72 
39 79 27 87 32 82 108 35 45 70 
37 71 36 72 36 71 14 11 3 3 
27 70 25 72 26 71 32 22 5 5 
35 63 25 70 29 66 30 9 39 41 
91 44 90 45 90 44 1 0 3 3 
186 43 186 45 186 44 7 4 3 3 
186 40 186 40 186 40 3 3 1 1 
76 34 58 47 64 41 31 4 47 53 
55 30 53 31 54 30 20 10 4 4 
46 20 6 26 17 23 29 10 40 46 
56 16 1 56 28 37 255 71 390 1189 
13 9 2 17 7 12 168 34 45 95 
167 2 159 15 162 8 37 4 51 65 
1 2 1 2 1 2 0 0 1 1 
38 79 28 84 32 81 69 23 28 54 
62 77 49 84 55 79 119 37 48 80 
58 60 47 71 52 64 52 17 51 61 
10 47 3 50 7 49 13 2 14 15 
186 39 186 48 186 43 4 1 10 10 
96 30 82 41 86 37 24 3 43 46 
186 23 76 29 158 26 9 1 8 8 
186 17 38 36 145 28 21 5 11 11 
53 16 51 18 52 17 27 20 7 7 
79 14 21 54 49 34 255 70 423 1280 
27 12 16 20 21 15 197 38 45 94 
186 2 185 6 185 3 0 0 5 6 
182 2 173 7 177 4 26 5 22 35 
6 2 6 2 6 2 5 5 1 1 
1 2 1 2 1 2 15 15 1 1 
62 79 50 84 55 81 56 23 40 65 
88 78 73 84 80 80 104 36 45 84 
74 71 73 72 73 71 31 27 3 3 
86 66 85 67 85 66 7 4 3 3 
83 60 71 69 77 63 38 13 55 58 
27 50 22 52 24 50 2 0 11 11 
35 49 30 50 32 49 4 1 7 7 
186 41 186 41 186 41 0 0 1 1 
118 30 103 41 110 35 21 5 42 47 
102 16 42 55 73 36 255 72 416 1325 
47 15 36 23 41 18 239 38 50 100 
1 2 1 2 1 2 1 1 1 1 
77 75 68 79 73 77 57 22 22 36 
105 73 91 80 97 76 120 37 45 81 
103 55 89 64 95 59 57 15 51 60 
45 46 38 49 40 47 6 1 15 15 
52 45 47 47 49 46 7 1 8 8 
141 25 125 35 130 31 23 2 37 40 
122 12 51 25 58 15 240 38 52 103 
123 11 57 50 91 31 255 74 406 1316 
1 2 1 2 1 2 1 1 1 1 
110 74 96 80 102 76 117 37 49 87 
86 74 71 79 77 76 62 22 43 61 
108 55 95 66 100 59 60 21 56 75 
56 44 52 48 53 46 12 2 12 14 
50 43 42 51 45 47 18 4 25 28 
51 27 46 40 47 33 19 13 19 19 
144 19 62 50 95 33 255 77 377 1239 
67 12 55 20 61 16 184 39 53 103 
112 10 94 22 103 16 138 41 71 146 
1 2 1 2 1 2 0 0 1 1 
106 85 105 86 105 85 15 13 3 3 
127 81 111 86 118 83 114 35 49 79 
101 81 89 86 94 83 61 23 34 51 
125 63 113 69 118 65 32 12 48 50 
67 53 59 56 62 54 9 2 15 15 
74 52 69 54 71 53 5 1 8 8 
69 35 63 46 64 38 17 11 22 23 
156 30 145 39 148 35 13 1 26 26 
142 27 93 32 103 28 18 9 15 16 
83 20 71 26 77 23 239 42 36 88 
142 17 73 56 111 38 255 76 404 1357 
1 2 1 2 1 2 0 0 1 1 
98 83 89 84 93 83 21 16 18 18 
96 79 93 80 94 79 24 20 6 6 
126 78 112 85 119 81 103 35 53 88 
115 69 115 69 115 69 51 51 0 1 
122 60 110 68 116 63 31 12 53 60 
66 50 58 54 62 52 14 3 19 22 
70 49 68 52 68 50 14 3 7 7 
64 31 62 46 62 39 19 11 22 22 
154 29 145 37 148 33 4 0 20 20 
141 19 95 28 116 23 26 18 7 7 
82 17 70 24 76 20 234 42 39 94 
142 15 72 55 110 36 255 75 435 1396 
1 2 1 2 1 2 0 0 1 1 
108 69 95 75 101 71 104 35 49 81 
84 69 72 75 77 72 62 25 27 53 
104 51 92 59 97 54 36 12 55 60 
53 29 40 48 45 42 22 6 46 49 
140 21 127 31 131 27 16 1 33 33 
120 10 52 20 58 13 190 37 49 99 
125 7 60 46 92 28 255 72 427 1386 
1 2 1 2 1 2 0 0 1 1 
84 59 67 66 75 62 70 29 47 86 
102 58 91 63 96 60 113 41 37 61 
101 43 89 54 93 46 31 12 55 60 
44 39 37 43 40 40 20 2 19 20 
47 37 46 41 46 39 9 2 8 8 
40 31 39 33 39 32 18 14 4 4 
42 22 39 27 39 23 15 10 8 8 
134 14 121 24 125 19 31 2 31 34 
114 10 67 12 73 11 16 7 12 12 
72 4 71 5 71 4 18 14 3 3 
119 2 47 38 85 20 255 72 415 1392 
1 2 1 2 1 2 0 0 1 1 
74 57 57 63 66 60 67 31 46 80 
91 41 77 59 83 50 109 28 92 133 
34 41 28 45 30 42 11 1 16 18 
103 9 60 10 74 9 17 12 6 6 
123 2 37 36 75 19 255 70 461 1421 
1 2 1 2 1 2 0 0 1 1 
71 52 63 61 66 56 65 31 33 48 
101 45 96 47 98 45 31 17 10 10 
99 38 84 57 90 46 96 34 105 186 
44 34 35 40 39 37 17 2 22 24 
40 19 37 20 38 19 8 7 5 5 
112 7 73 8 92 7 16 10 6 6 
128 2 50 33 84 18 255 73 411 1302 
69 2 69 2 69 2 14 14 1 1 
57 2 44 10 50 5 207 32 47 96 
1 2 1 2 1 2 0 0 1 1 
86 53 79 63 82 57 70 36 39 63 
112 39 97 57 103 47 102 34 107 190 
56 34 47 39 51 37 27 4 23 25 
50 20 49 31 49 25 17 9 14 14 
121 9 71 10 81 9 26 12 16 19 
82 3 58 11 69 8 15 11 15 15 
140 2 57 35 94 18 255 71 424 1347 
70 2 70 2 70 2 7 7 1 1 
1 2 1 2 1 2 0 0 1 1 
108 64 101 67 104 65 28 17 15 16 
109 60 100 62 104 61 34 23 15 15 
92 54 87 62 89 58 64 37 33 46 
108 45 86 48 92 46 52 17 3 4 
116 42 101 59 107 49 86 34 100 164 
61 37 53 43 56 39 18 2 19 20 
55 22 53 23 54 22 10 6 5 5 
125 11 89 12 99 11 22 11 7 8 
72 7 61 12 66 9 115 31 30 66 
141 2 61 37 99 21 255 69 454 1327 
1 2 1 2 1 2 0 0 1 1 
97 66 92 72 94 69 64 35 20 30 
120 55 104 76 111 65 68 31 115 187 
92 55 88 57 90 56 21 5 10 11 
67 45 59 49 62 47 15 3 19 19 
131 23 83 26 94 24 20 11 17 17 
94 17 93 18 93 17 17 15 3 3 
81 17 70 24 75 20 124 29 41 81 
148 14 80 50 107 34 255 72 391 1234 
1 2 1 2 1 2 0 0 1 1 
111 78 105 79 107 78 23 15 12 12 
121 74 120 75 120 74 25 22 3 3 
106 73 105 74 105 73 20 12 3 3 
98 69 93 75 95 72 70 34 20 33 
117 65 108 76 112 69 62 39 36 71 
90 60 87 61 88 60 12 5 5 5 
97 59 96 62 96 60 16 6 7 7 
120 58 112 63 115 61 26 7 23 24 
110 58 108 63 108 60 16 7 10 10 
72 50 70 51 71 50 1 0 4 4 
67 47 60 53 64 50 18 4 19 20 
68 34 66 35 67 34 15 10 4 4 
63 32 62 34 62 33 10 4 5 6 
131 22 94 30 106 25 22 14 6 6 
82 20 71 27 76 23 174 29 41 76 
146 18 76 53 107 37 255 69 403 1250 
66 2 53 4 58 2 38 7 20 28 
1 2 1 2 1 2 0 0 1 1 
111 81 106 82 108 81 23 16 10 12 
119 78 118 79 118 78 24 20 3 3 
98 73 93 78 95 75 69 35 17 29 
109 71 108 72 108 71 23 21 3 3 
119 66 117 67 118 66 12 9 4 4 
72 53 70 54 71 53 1 0 4 4 
67 49 59 55 63 52 19 6 22 24 
63 35 62 49 62 41 20 12 17 17 
131 23 93 32 103 26 24 16 8 8 
82 23 71 30 76 26 166 29 40 79 
150 21 76 54 107 40 255 70 405 1266 
132 2 123 2 127 2 5 2 10 10 
69 2 51 6 59 3 255 48 29 69 
1 2 1 2 1 2 0 0 1 1 
107 82 106 83 106 82 18 10 4 4 
98 72 93 79 95 75 64 35 27 35 
109 71 109 72 109 71 20 19 2 2 
117 64 116 66 116 65 14 8 4 4 
93 63 91 64 92 63 10 5 4 4 
68 35 59 56 63 48 24 8 47 54 
131 32 129 32 130 32 15 9 3 3 
82 24 71 30 76 26 109 30 38 75 
146 20 75 54 107 40 255 69 404 1260 
133 2 121 3 127 2 4 1 17 20 
69 2 51 7 59 3 255 52 35 81 
