55 18 46 24 50 21 80 9 35 55 
39 12 29 19 34 15 160 18 39 75 
92 11 81 18 86 14 76 11 60 84 
2 8 1 11 1 9 14 3 4 6 
186 6 186 11 186 8 0 0 6 6 
85 2 65 6 74 3 254 31 34 75 
1 2 1 2 1 2 0 0 1 1 
60 19 50 25 55 22 88 10 39 67 
44 13 34 19 38 16 181 20 34 72 
98 11 85 19 91 15 106 19 60 107 
7 5 1 12 4 8 73 11 27 38 
88 2 69 5 78 3 251 27 30 61 
1 2 1 2 1 2 0 0 1 1 
186 15 186 15 186 15 0 0 1 1 
66 15 56 21 61 18 92 9 35 63 
47 11 37 17 42 14 138 21 36 73 
7 11 1 18 4 14 90 18 27 46 
103 2 90 11 97 6 107 21 52 114 
1 2 1 2 1 2 0 0 1 1 
186 11 186 17 186 14 0 0 7 7 
65 11 55 17 60 13 102 12 39 69 
6 11 1 18 3 14 86 16 23 38 
46 8 36 14 41 11 171 23 35 75 
104 2 89 5 96 3 112 12 27 46 
1 2 1 2 1 2 0 0 1 1 
4 15 1 22 2 18 81 8 19 25 
186 14 186 21 186 17 0 0 8 8 
64 6 53 12 58 9 119 15 40 75 
44 5 33 12 38 8 159 23 39 82 
1 2 1 2 1 2 0 0 1 1 
3 10 1 16 2 13 32 2 12 17 
186 9 186 15 186 12 0 0 7 7 
62 3 51 10 56 6 129 17 40 79 
43 2 32 9 36 5 168 24 40 84 
1 2 1 2 1 2 0 0 1 1 
58 5 47 11 52 8 120 19 40 78 
38 4 28 11 32 7 154 27 37 84 
1 2 1 2 1 2 0 0 1 1 
58 8 47 14 52 11 142 19 39 75 
38 6 28 13 33 9 164 25 39 83 
1 2 1 2 1 2 0 0 1 1 
62 7 52 14 57 10 111 20 40 80 
186 5 186 11 186 8 0 0 7 7 
5 5 1 12 3 8 69 13 23 37 
44 2 33 10 38 5 149 24 37 97 
1 2 1 2 1 2 0 0 1 1 
61 8 50 14 55 11 157 19 40 79 
186 5 186 10 186 7 0 0 6 6 
4 5 1 11 2 8 65 9 18 25 
43 2 31 11 36 6 153 21 45 106 
1 2 1 2 1 2 0 0 1 1 
66 7 55 14 60 10 143 17 44 86 
8 5 1 12 4 8 89 15 31 48 
48 2 36 10 41 5 173 22 40 103 
1 2 1 2 1 2 0 0 1 1 
186 9 186 9 186 9 0 0 1 1 
186 6 186 7 186 6 0 0 2 2 
7 4 1 11 4 7 83 14 26 42 
66 2 55 10 60 6 143 16 47 96 
47 2 34 7 40 4 161 32 28 71 
1 2 1 2 1 2 0 0 1 1 
186 9 186 9 186 9 0 0 1 1 
186 7 186 7 186 7 0 0 1 1 
186 5 186 5 186 5 0 0 1 1 
7 4 1 11 4 7 75 13 26 47 
67 2 55 9 60 5 146 17 38 91 
47 2 34 6 40 3 174 33 25 61 
1 2 1 2 1 2 0 0 1 1 
186 5 186 8 186 6 0 0 4 4 
5 3 1 10 3 7 63 12 18 32 
66 2 53 9 59 5 142 18 41 88 
46 2 33 6 39 3 161 30 24 55 
1 2 1 2 1 2 0 0 1 1 
57 2 45 8 50 4 143 20 39 81 
38 2 25 5 31 3 159 27 20 47 
1 2 1 2 1 2 0 0 1 1 
43 5 32 12 37 8 115 19 46 84 
27 2 15 9 20 5 138 28 36 87 
1 2 1 2 1 2 0 0 1 1 
32 6 21 14 26 10 124 19 47 83 
17 2 6 9 11 5 126 27 37 87 
1 2 1 2 1 2 0 0 1 1 
27 6 17 13 21 9 118 21 39 78 
13 2 1 9 7 5 117 27 33 80 
25 4 16 12 20 7 112 21 38 76 
12 2 1 8 6 4 109 28 31 72 
23 7 13 14 17 10 110 21 40 79 
11 2 1 9 5 5 101 25 32 73 
23 2 12 11 17 6 104 18 41 95 
9 2 1 7 5 4 77 17 18 27 
36 7 25 14 30 10 124 20 45 85 
20 2 9 10 13 5 123 25 43 96 
1 2 1 2 1 2 0 0 1 1 
50 13 39 21 44 17 118 21 42 87 
31 7 21 15 25 11 148 27 42 91 
85 2 77 2 81 2 0 0 9 9 
1 2 1 2 1 2 0 0 1 1 
48 12 37 20 42 16 127 21 48 93 
29 6 19 14 23 10 153 28 41 91 
1 2 1 2 1 2 0 0 1 1 
32 8 20 16 26 12 123 22 47 94 
17 2 5 10 10 5 122 25 45 101 
1 2 1 2 1 2 0 0 1 1 
22 9 12 17 16 12 121 23 43 88 
10 2 1 8 5 4 88 24 25 58 
17 4 7 13 12 8 105 23 45 93 
1 2 1 2 1 2 0 0 1 1 
19 6 9 15 13 10 108 23 45 93 
5 2 3 3 4 2 9 2 2 4 
1 2 1 2 1 2 0 0 1 1 
16 4 6 13 11 8 104 23 48 90 
1 2 1 2 1 2 0 0 1 1 
15 5 5 14 10 9 102 23 45 92 
1 2 1 2 1 2 0 0 1 1 
19 6 9 15 14 10 104 23 46 95 
1 2 1 2 1 2 1 1 1 1 
42 8 29 16 35 12 110 24 55 111 
22 4 11 12 16 8 118 27 41 96 
1 2 1 2 1 2 0 0 1 1 
15 14 6 20 10 17 81 12 38 65 
77 8 63 15 70 11 100 23 50 113 
52 7 40 14 45 10 120 28 43 103 
1 2 1 2 1 2 0 0 1 1 
47 12 37 18 41 15 87 13 40 71 
116 2 100 8 107 4 107 30 36 99 
89 2 74 9 81 5 120 29 41 109 
23 2 8 8 15 4 210 46 34 91 
1 2 1 2 1 2 0 0 1 1 
65 11 55 18 60 14 99 13 40 72 
134 2 120 7 127 4 143 33 30 75 
107 2 93 8 100 4 161 36 32 86 
36 2 22 9 28 4 250 49 31 91 
1 2 1 2 1 2 0 0 1 1 
119 105 118 107 118 106 0 0 4 4 
115 105 114 107 114 106 0 0 4 4 
115 102 114 103 114 102 0 0 3 3 
55 8 45 15 49 11 115 12 41 75 
125 2 111 4 118 2 96 15 21 40 
98 2 84 5 91 3 127 19 27 50 
27 2 13 6 20 3 213 34 26 58 
1 2 1 2 1 2 0 0 1 1 
34 5 25 12 29 8 124 14 37 69 
8 2 1 3 4 2 4 0 12 15 
30 7 20 13 25 10 105 14 36 66 
1 2 1 2 1 2 0 0 1 1 
17 7 8 14 12 10 96 12 39 60 
84 2 78 2 81 2 0 0 7 7 
52 2 47 2 49 2 0 0 6 6 
1 2 1 2 1 2 0 0 1 1 
11 7 2 14 6 10 86 13 37 66 
1 2 1 2 1 2 0 0 1 1 
20 2 10 8 14 4 113 14 33 62 
1 2 1 2 1 2 0 0 1 1 
15 2 5 7 9 4 90 15 26 47 
1 2 1 2 1 2 0 0 1 1 
1 2 1 2 1 2 0 0 1 1 
1 2 1 2 1 2 0 0 1 1 
1 2 1 2 1 2 0 0 1 1 
1 2 1 2 1 2 0 0 1 1 
1 2 1 2 1 2 0 0 1 1 
49 2 34 5 41 3 113 18 26 50 
22 2 13 2 17 2 0 0 10 10 
1 2 1 2 1 2 0 0 1 1 
52 6 38 16 44 11 134 31 56 136 
28 2 15 10 21 5 149 40 36 101 
1 2 1 2 1 2 0 0 1 1 
54 17 41 28 47 22 136 31 56 135 
30 8 19 19 24 13 160 34 54 120 
1 2 1 2 1 2 0 0 1 1 
63 14 49 24 56 18 128 32 58 138 
3 10 1 17 2 13 43 5 16 21 
186 9 186 15 186 12 0 0 7 7 
36 8 25 18 30 13 149 37 48 115 
1 2 1 2 1 2 0 0 1 1 
15 17 6 24 11 20 81 11 36 57 
83 8 69 18 75 13 114 34 55 142 
53 8 40 17 46 12 135 37 49 128 
1 2 1 2 1 2 0 0 1 1 
33 13 24 19 28 16 85 14 34 61 
186 2 185 6 185 3 0 0 5 6 
106 2 91 3 98 2 1 0 18 30 
75 2 60 6 67 3 152 35 24 65 
9 2 1 10 4 5 110 24 28 65 
31 2 20 7 24 4 88 17 31 61 
1 2 1 2 1 2 0 0 1 1 
14 6 5 13 9 9 81 9 40 52 
1 2 1 2 1 2 0 0 1 1 
8 11 1 18 4 14 84 13 33 59 
79 2 63 8 70 4 157 40 29 93 
47 2 33 7 40 4 165 43 27 79 
1 2 1 2 1 2 0 0 1 1 
4 10 1 16 2 13 64 8 16 24 
186 9 186 15 186 12 0 0 7 7 
72 2 56 12 63 6 146 36 55 158 
41 2 27 9 34 5 152 51 32 99 
1 2 1 2 1 2 0 0 1 1 
1 2 1 2 1 2 0 0 1 1 
10 10 1 17 5 13 88 11 40 68 
46 2 37 2 41 2 0 0 10 10 
1 2 1 2 1 2 0 0 1 1 
32 21 24 28 27 24 96 12 38 66 
74 6 58 16 65 10 145 37 61 154 
107 2 90 12 98 6 125 40 58 172 
9 2 1 14 4 8 125 26 40 91 
43 19 34 26 38 22 82 13 42 69 
14 6 4 15 8 10 193 30 48 98 
118 2 101 6 109 3 149 25 33 74 
85 2 68 11 76 6 159 44 52 139 
1 2 1 2 1 2 0 0 1 1 
34 9 24 15 29 12 104 13 41 71 
4 6 1 13 2 9 90 10 16 25 
186 5 186 12 186 8 0 0 8 8 
1 2 1 2 1 2 0 0 1 1 
33 21 23 29 27 25 82 15 40 73 
7 7 1 17 3 12 123 27 27 53 
186 6 186 15 186 10 0 0 10 10 
108 2 91 7 99 4 162 33 31 87 
73 2 58 13 65 7 156 41 58 170 
1 2 1 2 1 2 0 0 1 1 
27 15 18 24 22 19 74 12 41 60 
105 2 88 6 96 3 136 27 29 72 
70 2 53 10 61 5 196 44 45 128 
1 2 1 2 1 2 0 0 1 1 
9 2 1 10 4 5 64 6 34 64 
8 5 1 13 4 8 84 10 34 54 
1 2 1 2 1 2 0 0 1 1 
14 12 6 20 10 15 102 15 34 65 
92 2 83 2 87 2 0 0 10 10 
57 2 42 4 49 2 133 8 23 40 
1 2 1 2 1 2 0 0 1 1 
18 6 9 13 13 9 87 15 39 73 
1 2 1 2 1 2 0 0 1 1 
17 2 7 9 11 5 83 14 42 78 
1 2 1 2 1 2 0 0 1 1 
17 11 8 19 12 15 100 13 43 76 
1 2 1 2 1 2 0 0 1 1 
14 5 5 12 9 8 97 13 41 71 
1 2 1 2 1 2 0 0 1 1 
9 5 1 12 4 8 89 13 39 67 
1 2 1 2 1 2 0 0 1 1 
10 4 2 11 5 7 83 13 37 67 
1 2 1 2 1 2 0 0 1 1 
18 2 7 6 12 3 74 15 25 49 
1 2 1 2 1 2 0 0 1 1 
22 2 11 6 16 3 71 14 25 48 
1 2 1 2 1 2 0 0 1 1 
22 6 12 13 17 9 94 17 39 77 
1 2 1 2 1 2 0 0 1 1 
22 13 13 21 17 16 108 15 45 75 
1 2 1 2 1 2 0 0 1 1 
26 22 17 31 21 26 113 14 46 83 
186 3 186 7 186 5 0 0 5 5 
69 2 49 9 59 4 226 52 39 126 
5 2 1 9 2 5 47 4 19 27 
40 27 29 35 34 30 90 17 51 88 
10 10 1 20 5 15 151 24 49 89 
79 2 57 9 67 4 186 54 46 137 
1 2 1 2 1 2 0 0 1 1 
73 28 61 35 66 31 80 17 48 90 
35 23 24 31 29 27 171 26 50 94 
98 2 81 5 90 3 116 12 31 50 
1 2 1 2 1 2 0 0 1 1 
61 19 49 26 55 22 225 28 44 96 
102 18 91 25 96 21 90 18 48 87 
1 2 1 2 1 2 0 0 1 1 
82 11 70 18 76 14 232 27 46 95 
124 8 113 14 118 10 107 23 38 78 
1 2 1 2 1 2 0 0 1 1 
96 10 84 18 90 14 220 29 43 94 
138 6 127 13 132 9 118 23 45 86 
1 2 1 2 1 2 0 0 1 1 
99 15 87 22 93 18 221 30 45 96 
140 10 130 17 135 13 104 23 37 86 
1 2 1 2 1 2 0 0 1 1 
87 16 75 24 81 20 240 31 49 102 
130 12 119 19 124 15 110 23 43 88 
1 2 1 2 1 2 0 0 1 1 
80 26 79 27 79 26 0 0 3 3 
75 12 64 20 69 15 185 31 45 95 
120 9 109 16 114 12 118 24 42 93 
1 2 1 2 1 2 0 0 1 1 
69 20 68 21 68 20 0 0 3 3 
65 20 64 22 64 21 0 0 4 4 
65 6 53 14 58 9 182 34 47 101 
112 2 99 9 105 5 115 25 39 96 
1 2 1 2 1 2 0 0 1 1 
70 16 58 24 64 19 255 36 47 106 
117 15 105 22 110 18 122 24 46 98 
1 2 1 2 1 2 0 0 1 1 
78 21 75 22 76 21 0 0 6 6 
80 17 73 19 75 17 0 0 12 14 
125 2 111 9 117 5 147 28 37 99 
75 2 61 10 67 5 245 37 48 114 
1 2 1 2 1 2 0 0 1 1 
86 15 80 20 82 17 2 0 22 24 
132 2 118 8 125 4 163 36 31 82 
82 2 67 7 74 4 239 44 32 74 
1 2 1 2 1 2 0 0 1 1 
88 8 85 9 86 8 0 0 4 5 
1 2 1 2 1 2 0 0 1 1 
85 2 85 2 85 2 5 5 1 1 
82 2 80 6 81 3 0 0 8 9 
1 2 1 2 1 2 0 0 1 1 
84 2 76 9 79 4 33 4 31 50 
1 2 1 2 1 2 0 0 1 1 
97 29 89 35 92 32 36 3 28 35 
89 11 74 22 81 16 247 45 63 157 
139 5 127 14 133 9 118 35 48 125 
1 2 1 2 1 2 0 0 1 1 
106 36 97 42 101 38 65 7 38 63 
96 18 81 28 88 23 249 42 62 144 
145 8 133 18 138 12 191 28 56 127 
1 2 1 2 1 2 0 0 1 1 
102 31 92 37 96 33 91 9 42 63 
91 12 77 23 84 17 255 50 59 145 
143 4 131 14 136 8 165 32 54 132 
1 2 1 2 1 2 0 0 1 1 
102 23 92 29 97 26 96 10 49 71 
91 4 76 14 83 9 255 52 57 154 
146 2 132 7 138 4 116 32 27 70 
1 2 1 2 1 2 0 0 1 1 
98 7 88 14 92 10 100 12 48 81 
1 2 1 2 1 2 0 0 1 1 
81 10 70 16 75 12 109 15 42 79 
1 2 1 2 1 2 0 0 1 1 
62 8 51 15 56 11 123 15 44 85 
1 2 1 2 1 2 0 0 1 1 
76 4 63 11 69 7 122 15 48 97 
1 2 1 2 1 2 0 0 1 1 
106 9 93 16 99 12 114 19 47 101 
1 2 1 2 1 2 0 0 1 1 
127 11 114 19 120 14 140 18 49 101 
1 2 1 2 1 2 0 0 1 1 
145 4 132 12 138 8 214 19 52 102 
1 2 1 2 1 2 0 0 1 1 
148 2 135 9 141 5 202 24 36 83 
1 2 1 2 1 2 0 0 1 1 
143 4 131 12 137 8 202 22 44 95 
1 2 1 2 1 2 0 0 1 1 
141 2 127 10 133 5 200 22 52 113 
1 2 1 2 1 2 0 0 1 1 
121 10 108 18 114 14 209 24 52 108 
1 2 1 2 1 2 0 0 1 1 
97 13 84 21 90 17 178 26 50 111 
1 2 1 2 1 2 0 0 1 1 
87 12 75 20 81 16 235 31 44 107 
1 2 1 2 1 2 0 0 1 1 
91 17 78 25 84 21 235 30 48 114 
1 2 1 2 1 2 0 0 1 1 
95 18 82 27 88 22 215 30 52 123 
1 2 1 2 1 2 0 0 1 1 
30 94 26 98 27 96 56 3 13 20 
108 11 93 20 100 15 250 32 54 138 
1 2 1 2 1 2 0 0 1 1 
40 94 35 98 37 96 73 5 22 30 
128 4 113 14 120 9 224 32 60 143 
1 2 1 2 1 2 0 0 1 1 
48 94 43 98 45 96 93 6 19 30 
148 2 133 5 140 3 238 21 24 48 
1 2 1 2 1 2 0 0 1 1 
47 104 41 109 44 106 115 6 26 39 
154 2 141 4 147 2 80 8 20 35 
1 2 1 2 1 2 0 0 1 1 
38 111 32 117 34 114 121 7 31 46 
1 2 1 2 1 2 0 0 1 1 
1 2 1 2 1 2 0 0 1 1 
1 2 1 2 1 2 0 0 1 1 
152 2 146 2 149 2 0 0 7 7 
1 2 1 2 1 2 0 0 1 1 
143 2 126 10 134 5 255 42 41 125 
1 2 1 2 1 2 0 0 1 1 
119 13 105 24 112 18 238 42 57 146 
1 2 1 2 1 2 0 0 1 1 
109 31 96 41 102 36 211 45 53 140 
163 2 150 4 156 2 53 6 21 32 
101 2 80 8 90 4 168 46 40 115 
1 2 1 2 1 2 0 0 1 1 
106 42 93 52 99 46 255 38 54 137 
160 2 148 13 153 6 185 40 41 125 
98 2 78 18 88 9 255 79 80 305 
1 2 1 2 1 2 0 0 1 1 
89 41 76 50 82 45 222 37 50 134 
153 9 139 22 145 15 123 35 72 166 
90 2 69 15 79 7 255 93 59 253 
1 2 1 2 1 2 0 0 1 1 
73 37 60 46 66 41 235 41 51 133 
143 16 128 28 135 22 169 32 69 168 
82 2 62 10 72 5 255 75 41 156 
1 2 1 2 1 2 0 0 1 1 
67 25 54 36 60 30 236 45 59 148 
140 9 125 22 132 15 129 33 73 173 
1 2 1 2 1 2 0 0 1 1 
64 9 51 19 57 13 203 46 53 148 
142 2 125 7 134 4 114 32 33 78 
1 2 1 2 1 2 0 0 1 1 
1 2 1 2 1 2 0 0 1 1 
1 2 1 2 1 2 0 0 1 1 
133 2 123 3 128 2 22 1 14 18 
58 2 44 13 50 7 243 44 56 157 
1 2 1 2 1 2 0 0 1 1 
124 2 108 5 115 3 114 13 25 49 
44 2 29 11 36 6 255 43 41 132 
1 2 1 2 1 2 0 0 1 1 
112 7 97 19 104 13 133 35 67 170 
36 7 23 19 29 12 255 39 61 143 
182 2 173 10 177 5 123 21 35 78 
167 2 155 8 160 5 198 47 26 73 
1 2 1 2 1 2 0 0 1 1 
103 22 87 34 95 28 136 33 71 172 
173 12 165 21 168 16 127 22 39 85 
157 12 147 22 151 16 192 43 43 115 
31 11 19 24 24 17 246 37 63 145 
1 2 1 2 1 2 0 0 1 1 
93 25 78 36 85 30 148 34 65 164 
167 20 157 29 162 24 126 21 48 94 
150 18 139 28 144 23 201 44 47 120 
25 5 14 18 19 11 255 39 53 140 
1 2 1 2 1 2 0 0 1 1 
158 20 147 29 152 24 110 22 51 97 
141 14 127 24 134 19 157 40 56 134 
81 12 66 23 73 17 136 36 60 155 
177 2 171 3 174 2 5 0 11 12 
16 2 8 3 12 2 14 2 10 16 
1 2 1 2 1 2 0 0 1 1 
173 102 169 106 171 104 86 4 16 25 
142 15 130 23 135 19 126 20 52 99 
124 6 110 16 117 11 185 37 59 135 
174 2 163 8 168 4 151 24 33 63 
63 2 47 8 55 4 163 39 33 98 
1 2 1 2 1 2 0 0 1 1 
147 13 136 21 141 16 116 21 44 89 
130 4 116 14 123 9 182 38 57 137 
178 2 167 5 172 3 118 9 21 30 
68 2 52 7 60 4 118 40 29 89 
1 2 1 2 1 2 0 0 1 1 
185 2 174 10 179 5 99 19 40 86 
169 2 155 5 161 3 104 16 21 42 
114 2 95 9 104 5 106 41 43 126 
36 2 19 10 27 5 228 43 41 142 
1 2 1 2 1 2 0 0 1 1 
86 2 68 9 76 5 255 51 37 134 
1 2 1 2 1 2 0 0 1 1 
120 2 101 8 110 4 238 34 40 107 
1 2 1 2 1 2 0 0 1 1 
138 2 123 4 130 2 67 6 21 38 
1 2 1 2 1 2 0 0 1 1 
1 2 1 2 1 2 0 0 1 1 
1 2 1 2 1 2 0 0 1 1 
1 2 1 2 1 2 0 0 1 1 
1 2 1 2 1 2 0 0 1 1 
1 2 1 2 1 2 0 0 1 1 
147 2 134 3 140 2 1 0 17 24 
1 2 1 2 1 2 0 0 1 1 
116 2 109 2 112 2 1 0 8 8 
1 2 1 2 1 2 0 0 1 1 
96 2 85 2 90 2 0 0 12 12 
1 2 1 2 1 2 0 0 1 1 
82 2 68 3 75 2 1 0 19 28 
1 2 1 2 1 2 0 0 1 1 
72 2 58 3 65 2 1 0 22 28 
1 2 1 2 1 2 0 0 1 1 
1 2 1 2 1 2 0 0 1 1 
1 2 1 2 1 2 0 0 1 1 
1 2 1 2 1 2 0 0 1 1 
186 2 180 9 183 5 67 7 32 49 
172 2 168 2 170 2 0 0 4 5 
1 2 1 2 1 2 0 0 1 1 
181 2 169 9 175 5 119 16 40 81 
1 2 1 2 1 2 0 0 1 1 
169 2 156 7 162 4 163 22 30 69 
1 2 1 2 1 2 0 0 1 1 
182 2 175 3 178 2 3 0 11 14 
154 2 142 9 147 5 156 17 43 91 
1 2 1 2 1 2 0 0 1 1 
139 13 127 21 133 16 109 17 49 83 
123 4 109 14 115 8 211 34 56 130 
172 2 161 9 166 5 118 25 31 80 
63 2 49 4 55 2 27 2 22 33 
1 2 1 2 1 2 0 0 1 1 
123 27 112 34 117 30 115 19 42 78 
108 18 95 27 101 22 211 36 50 118 
158 12 148 21 153 16 131 22 46 95 
153 2 138 5 145 3 245 24 23 47 
54 2 39 13 46 7 170 34 63 163 
1 2 1 2 1 2 0 0 1 1 
121 41 110 49 115 45 101 20 45 88 
106 33 93 43 99 37 171 36 56 127 
155 23 145 32 150 27 104 24 46 97 
53 13 40 25 46 18 149 36 59 151 
149 2 133 18 141 10 255 70 72 217 
1 2 1 2 1 2 0 0 1 1 
106 49 96 57 101 52 118 19 42 83 
93 39 79 48 85 43 214 34 52 119 
143 33 132 42 137 37 106 23 47 98 
140 13 124 28 132 20 255 71 74 216 
45 11 32 25 38 17 160 35 65 163 
1 2 1 2 1 2 0 0 1 1 
88 52 76 59 82 55 102 19 46 92 
127 42 116 50 121 45 111 22 50 98 
75 39 62 49 68 44 170 36 55 126 
126 22 110 35 118 28 255 73 66 205 
36 2 23 16 29 8 132 35 65 174 
1 2 1 2 1 2 0 0 1 1 
81 43 70 51 75 46 117 19 48 88 
121 35 111 43 116 39 108 25 42 92 
69 30 56 40 62 35 203 35 57 127 
122 15 107 28 114 21 255 75 63 195 
32 2 18 7 25 3 150 22 31 60 
1 2 1 2 1 2 0 0 1 1 
74 51 63 59 68 55 92 18 50 96 
114 44 104 54 109 49 95 22 54 109 
63 37 50 47 56 42 153 38 53 136 
116 24 101 39 108 31 255 81 71 227 
33 2 18 8 25 4 146 26 37 75 
1 2 1 2 1 2 0 0 1 1 
98 56 87 64 92 60 117 23 50 100 
57 56 47 63 52 59 124 21 42 81 
49 39 37 48 42 43 190 39 48 116 
103 37 87 49 95 42 255 71 66 200 
1 2 1 2 1 2 0 0 1 1 
88 56 77 64 82 60 132 24 42 94 
48 52 38 60 42 55 167 20 41 84 
95 37 79 49 86 43 255 72 66 199 
41 34 30 44 35 38 173 34 53 119 
1 2 1 2 1 2 0 0 1 1 
88 57 77 64 82 60 125 23 43 94 
47 52 37 60 42 55 136 20 46 88 
95 37 79 49 86 43 255 72 64 197 
41 34 29 44 35 38 165 38 49 122 
1 2 1 2 1 2 0 0 1 1 
66 58 55 65 60 61 95 18 43 87 
108 55 96 63 101 58 112 24 44 95 
56 42 43 52 49 46 184 37 58 131 
110 35 94 47 102 40 255 74 64 202 
32 2 20 7 25 3 117 21 26 50 
1 2 1 2 1 2 0 0 1 1 
94 56 83 63 88 59 137 20 42 85 
81 44 67 53 74 48 196 36 57 123 
133 42 122 51 127 46 110 23 50 105 
131 21 115 36 123 28 255 72 76 212 
38 8 25 23 31 15 137 34 71 163 
1 2 1 2 1 2 0 0 1 1 
117 44 105 52 111 48 130 18 53 99 
102 35 88 45 94 40 217 34 57 133 
152 25 141 35 146 30 103 22 59 113 
49 14 36 26 42 19 148 36 60 153 
146 4 130 20 137 12 255 71 82 223 
1 2 1 2 1 2 0 0 1 1 
138 30 127 38 132 33 135 19 50 85 
121 22 108 32 114 27 196 35 57 127 
63 12 50 23 56 17 158 36 58 148 
168 8 158 17 162 12 131 22 45 95 
153 2 148 2 150 2 0 0 6 6 
1 2 1 2 1 2 0 0 1 1 
139 19 128 27 133 23 111 21 43 89 
122 10 109 20 115 15 200 37 51 129 
171 2 160 11 165 6 130 18 51 97 
63 2 48 11 55 6 162 39 37 141 
1 2 1 2 1 2 0 0 1 1 
172 87 168 91 170 89 63 2 16 25 
144 6 133 14 138 9 109 21 46 93 
178 2 168 4 173 2 30 5 18 28 
128 2 113 6 120 3 169 28 25 59 
1 2 1 2 1 2 0 0 1 1 
1 2 1 2 1 2 0 0 1 1 
145 2 132 4 138 2 52 4 21 32 
1 2 1 2 1 2 0 0 1 1 
147 13 136 22 141 17 105 21 47 95 
130 4 117 15 123 9 151 37 59 144 
178 2 166 6 172 3 133 19 24 40 
70 2 54 8 61 4 143 36 30 73 
1 2 1 2 1 2 0 0 1 1 
156 30 145 38 150 34 104 20 45 93 
139 26 126 36 132 30 160 39 55 127 
81 23 67 35 74 29 146 33 69 166 
176 2 165 9 170 5 109 22 33 64 
23 2 10 7 15 4 182 21 31 56 
1 2 1 2 1 2 0 0 1 1 
100 35 85 46 92 40 114 35 65 164 
169 24 160 33 164 28 115 21 41 88 
153 24 142 35 147 29 171 38 53 130 
31 12 18 27 24 19 238 36 73 164 
1 2 1 2 1 2 0 0 1 1 
117 30 102 42 109 36 148 33 71 166 
44 24 30 38 36 30 237 37 75 172 
164 10 155 21 159 15 182 42 44 108 
177 6 170 16 173 10 104 20 47 84 
1 2 1 2 1 2 0 0 1 1 
59 37 46 49 52 43 255 39 61 153 
133 27 118 40 125 33 131 33 74 173 
169 2 159 6 163 3 145 23 19 42 
76 2 59 11 67 6 212 28 57 151 
1 2 1 2 1 2 0 0 1 1 
76 46 61 56 68 50 254 40 59 153 
145 21 131 34 137 27 137 35 64 168 
84 2 64 17 73 9 255 76 76 298 
1 2 1 2 1 2 0 0 1 1 
93 48 79 58 86 52 247 41 56 152 
153 9 141 22 146 15 123 38 59 157 
90 2 70 20 80 11 255 79 85 333 
1 2 1 2 1 2 0 0 1 1 
113 46 97 56 105 51 251 40 62 160 
159 2 147 7 153 4 100 29 27 66 
99 2 77 22 88 12 255 77 99 351 
1 2 1 2 1 2 0 0 1 1 
135 38 120 50 127 44 237 38 66 162 
109 2 87 21 98 11 255 75 104 343 
1 2 1 2 1 2 0 0 1 1 
133 39 119 51 126 44 255 40 59 149 
109 2 86 21 97 11 255 75 103 345 
1 2 1 2 1 2 0 0 1 1 
113 45 98 55 105 50 253 39 61 152 
159 2 147 6 153 3 98 30 21 57 
99 2 77 21 88 11 255 77 102 343 
1 2 1 2 1 2 0 0 1 1 
83 31 69 41 75 35 246 47 58 149 
152 2 137 16 144 9 172 31 71 186 
84 2 67 3 75 2 0 0 27 27 
1 2 1 2 1 2 0 0 1 1 
63 12 49 22 56 16 255 47 56 154 
142 2 124 10 132 5 146 39 46 134 
1 2 1 2 1 2 0 0 1 1 
43 4 29 15 35 9 255 37 59 146 
185 2 179 5 182 3 60 6 14 22 
173 2 163 3 168 2 0 0 15 15 
123 2 106 12 114 6 117 38 55 163 
1 2 1 2 1 2 0 0 1 1 
168 11 157 19 162 15 108 21 47 94 
151 4 138 14 144 9 160 40 54 134 
91 2 75 14 83 8 113 34 66 187 
19 2 7 5 13 3 131 12 22 38 
1 2 1 2 1 2 0 0 1 1 
181 98 178 102 179 100 40 4 10 18 
146 17 134 25 140 21 142 19 50 97 
129 8 115 18 122 13 181 35 61 135 
176 2 164 7 170 4 133 23 26 61 
68 2 52 11 60 6 154 39 43 148 
1 2 1 2 1 2 0 0 1 1 
132 18 120 26 126 22 107 21 50 99 
115 8 101 19 108 13 162 38 63 143 
167 4 156 13 161 7 128 19 50 83 
56 2 40 7 48 4 141 35 27 70 
1 2 1 2 1 2 0 0 1 1 
181 101 177 105 179 103 68 3 16 25 
123 20 112 28 117 24 119 23 45 95 
107 9 93 19 100 14 202 39 57 139 
161 6 150 15 155 10 125 24 49 100 
48 2 33 4 40 2 108 15 20 41 
1 2 1 2 1 2 0 0 1 1 
132 20 121 28 126 24 154 23 46 94 
115 9 101 20 108 14 230 37 61 146 
168 2 157 12 162 7 132 20 49 108 
53 2 38 7 45 4 175 35 32 84 
1 2 1 2 1 2 0 0 1 1 
147 11 135 19 141 15 146 24 48 101 
178 2 169 4 173 2 41 3 18 24 
130 2 115 10 122 5 208 47 41 128 
61 2 48 2 54 2 0 0 14 14 
1 2 1 2 1 2 0 0 1 1 
159 7 148 15 153 11 171 24 46 95 
142 2 125 7 133 4 228 41 32 80 
63 2 58 2 60 2 0 0 6 6 
1 2 1 2 1 2 0 0 1 1 
166 7 155 16 160 11 133 24 48 98 
149 2 133 8 140 4 209 46 37 95 
80 2 63 6 71 3 150 24 33 75 
1 2 1 2 1 2 0 0 1 1 
171 7 161 17 166 12 159 22 50 99 
154 2 140 11 146 6 217 49 46 130 
87 2 69 15 78 8 182 37 73 213 
17 2 4 7 10 4 178 24 31 55 
1 2 1 2 1 2 0 0 1 1 
182 2 175 2 178 2 0 0 8 8 
107 2 87 9 96 4 124 43 43 127 
26 2 14 14 19 7 251 33 53 148 
1 2 1 2 1 2 0 0 1 1 
49 12 34 22 41 16 241 39 62 151 
127 2 112 4 119 2 88 10 24 37 
1 2 1 2 1 2 0 0 1 1 
78 29 62 39 70 34 205 42 59 154 
143 2 128 6 136 3 127 21 29 57 
1 2 1 2 1 2 0 0 1 1 
98 40 83 50 90 44 248 40 59 148 
79 5 63 19 71 12 240 42 75 187 
1 2 1 2 1 2 0 0 1 1 
108 46 93 56 100 51 226 37 59 145 
85 10 64 28 74 18 255 70 98 288 
1 2 1 2 1 2 0 0 1 1 
116 39 101 52 108 45 229 39 67 174 
90 6 69 25 79 15 255 70 107 325 
1 2 1 2 1 2 0 0 1 1 
135 11 119 23 126 17 234 38 65 161 
1 2 1 2 1 2 0 0 1 1 
160 2 141 6 150 3 255 21 31 59 
1 2 1 2 1 2 0 0 1 1 
1 2 1 2 1 2 0 0 1 1 
20 2 8 9 13 5 112 23 38 87 
1 2 1 2 1 2 0 0 1 1 
20 2 8 8 13 4 104 29 30 77 
1 2 1 2 1 2 0 0 1 1 
65 67 61 71 63 69 102 5 16 25 
1 2 1 2 1 2 0 0 1 1 
72 70 67 74 69 72 94 6 21 30 
1 2 1 2 1 2 0 0 1 1 
76 76 70 81 73 78 100 7 27 40 
1 2 1 2 1 2 0 0 1 1 
83 79 77 84 80 81 65 8 26 42 
1 2 1 2 1 2 0 0 1 1 
106 81 100 86 102 83 117 10 26 41 
1 2 1 2 1 2 0 0 1 1 
127 88 121 93 124 90 175 9 26 37 
1 2 1 2 1 2 0 0 1 1 
133 91 127 96 130 93 130 9 24 40 
1 2 1 2 1 2 0 0 1 1 
139 95 134 100 136 97 141 9 22 35 
1 2 1 2 1 2 0 0 1 1 
143 98 138 103 140 100 114 9 22 36 
185 2 177 4 181 2 26 1 11 18 
1 2 1 2 1 2 0 0 1 1 
146 106 141 112 143 109 110 9 25 42 
185 2 175 5 180 3 128 17 20 38 
1 2 1 2 1 2 0 0 1 1 
186 2 176 10 181 5 221 28 27 80 
1 2 1 2 1 2 0 0 1 1 
186 2 178 9 182 5 232 20 28 56 
1 2 1 2 1 2 0 0 1 1 
1 2 1 2 1 2 0 0 1 1 
1 2 1 2 1 2 0 0 1 1 
1 2 1 2 1 2 0 0 1 1 
1 2 1 2 1 2 0 0 1 1 
68 110 62 116 64 113 136 15 28 48 
1 2 1 2 1 2 0 0 1 1 
66 92 60 98 62 94 124 13 28 46 
1 2 1 2 1 2 0 0 1 1 
72 77 66 83 68 80 126 9 25 42 
1 2 1 2 1 2 0 0 1 1 
80 71 75 76 77 73 91 7 22 35 
1 2 1 2 1 2 0 0 1 1 
84 67 79 71 81 69 102 6 18 27 
1 2 1 2 1 2 0 0 1 1 
83 65 78 69 80 67 85 6 20 30 
1 2 1 2 1 2 0 0 1 1 
80 66 75 70 77 68 59 4 20 30 
1 2 1 2 1 2 0 0 1 1 
78 65 74 69 76 67 103 5 16 25 
1 2 1 2 1 2 0 0 1 1 
77 65 72 69 74 67 93 5 20 30 
1 2 1 2 1 2 0 0 1 1 
