82 60 76 65 79 62 114 10 26 41 
82 60 76 65 78 62 125 10 25 41 
82 61 76 65 79 63 240 15 20 35 
77 62 70 66 73 64 225 14 24 40 
69 63 63 68 66 65 122 10 25 42 
58 64 51 69 54 66 122 10 28 43 
45 65 39 70 42 67 101 10 26 42 
34 62 27 67 30 64 186 12 25 39 
32 62 26 66 29 64 243 15 20 35 
46 63 39 68 42 65 99 10 27 46 
68 65 61 70 64 67 92 9 28 47 
86 64 79 69 82 66 241 16 26 42 
103 62 96 67 99 64 147 10 31 47 
115 58 109 62 112 60 251 17 20 35 
124 56 118 61 121 58 249 14 22 37 
128 54 122 59 125 56 233 13 24 40 
132 51 127 56 129 53 115 11 21 36 
137 50 131 55 134 52 108 9 28 42 
143 50 137 55 139 52 125 9 25 41 
150 49 144 54 147 51 130 10 25 41 
156 48 150 53 153 50 132 9 26 40 
158 47 152 52 155 49 128 8 27 41 
159 46 153 51 156 48 102 9 23 37 
159 45 153 50 156 47 178 9 26 40 
149 45 142 50 145 47 157 10 31 46 
125 43 117 48 121 45 126 10 33 52 
96 43 88 48 92 45 100 10 28 49 
75 39 67 44 70 41 186 13 26 43 
54 39 47 44 50 41 155 11 27 46 
36 42 30 46 33 44 181 14 20 35 
24 46 18 51 21 48 108 9 25 40 
18 47 13 52 15 49 175 11 20 32 
23 49 17 53 20 51 240 13 20 35 
36 49 30 54 33 51 102 9 25 42 
57 51 50 56 53 53 90 9 28 43 
75 50 69 55 72 52 138 11 25 41 
92 49 85 54 88 51 162 12 27 45 
107 46 100 51 103 48 204 12 31 46 
116 46 110 51 113 48 118 11 22 37 
123 47 117 52 120 49 124 10 27 42 
125 47 119 52 122 49 217 13 23 40 
126 46 119 51 122 48 179 11 30 46 
113 46 105 50 109 48 190 14 27 45 
88 42 81 47 84 44 102 12 27 48 
67 45 60 49 63 47 239 18 24 40 
51 49 45 53 48 51 235 17 20 35 
38 56 31 61 34 58 197 13 28 45 
31 61 25 66 28 63 223 13 27 40 
31 67 26 72 28 69 125 12 22 36 
44 62 37 67 40 64 220 15 29 45 
67 58 59 63 62 60 109 11 30 51 
91 55 84 60 87 57 196 15 26 47 
112 52 104 57 107 54 189 15 28 46 
133 50 126 55 129 52 155 12 28 46 
147 50 141 55 144 52 131 11 24 42 
157 50 151 55 154 52 115 10 26 42 
161 49 155 54 158 51 122 9 25 42 
156 48 150 53 153 50 150 11 25 41 
143 46 136 51 139 48 106 11 28 47 
117 49 109 54 112 51 202 15 32 51 
91 52 84 57 87 54 140 13 27 47 
69 56 61 61 64 58 194 14 32 51 
51 59 44 64 47 61 249 18 23 41 
39 61 33 66 36 63 141 13 25 42 
34 67 28 72 30 69 155 11 25 41 
30 67 24 72 27 69 189 11 25 40 
32 62 26 68 29 65 164 13 26 43 
32 55 26 60 29 57 203 12 25 41 
31 50 25 55 28 52 140 11 25 41 
32 47 26 52 29 49 186 10 26 41 
41 49 35 54 38 51 114 12 23 42 
60 57 53 63 56 59 182 13 30 52 
78 69 71 74 74 71 200 15 26 47 
95 72 88 77 91 74 246 18 28 46 
116 67 108 72 112 69 188 14 30 52 
134 61 127 66 130 63 118 12 26 46 
146 56 139 62 142 58 227 13 31 48 
154 53 147 58 150 55 247 14 27 42 
158 53 152 57 155 55 243 16 22 35 
153 52 146 57 149 54 124 10 29 47 
136 54 128 58 132 56 222 17 25 45 
114 56 106 61 110 58 241 17 31 50 
95 54 88 59 91 56 155 13 28 47 
77 55 69 60 72 57 148 13 28 50 
58 56 51 61 54 58 196 14 28 46 
44 57 37 62 40 59 226 15 29 45 
32 57 26 62 29 59 102 11 25 41 
28 59 21 64 24 61 203 13 26 40 
33 61 26 65 29 63 242 15 24 40 
42 61 35 65 38 63 255 20 22 40 
63 59 55 64 58 61 226 18 30 51 
88 56 80 61 84 58 166 14 30 51 
103 59 97 64 100 61 225 17 24 42 
106 53 99 58 102 55 240 15 27 46 
113 54 106 59 109 56 215 16 26 44 
128 44 121 48 124 46 232 19 22 40 
143 44 136 49 139 46 212 14 28 45 
147 48 140 53 143 50 243 15 27 42 
149 49 142 54 145 51 254 14 28 43 
141 50 133 54 137 52 255 18 26 45 
122 50 114 55 118 52 235 18 28 47 
100 51 93 56 96 53 106 14 27 48 
82 53 75 58 78 55 244 18 24 42 
69 57 62 62 65 59 138 15 28 47 
53 63 47 68 49 65 228 17 23 41 
48 70 42 75 45 72 166 14 25 42 
45 70 39 75 42 72 255 16 24 40 
40 63 34 68 36 65 217 17 22 41 
35 55 29 60 32 57 238 15 27 40 
35 49 29 54 31 51 168 13 23 41 
40 46 33 51 36 48 131 12 27 44 
47 49 40 54 43 51 125 13 28 44 
44 51 37 55 40 53 244 17 24 40 
33 52 26 57 29 54 249 16 25 42 
28 54 22 59 24 56 210 14 23 41 
40 55 32 59 36 57 255 20 28 45 
60 57 53 62 56 59 255 22 24 42 
78 56 70 61 74 58 164 13 32 52 
97 58 89 63 93 60 128 13 30 51 
109 55 103 60 106 57 232 19 23 42 
121 52 114 57 117 54 169 14 27 46 
133 51 126 56 129 53 179 14 27 47 
142 49 135 54 138 51 252 15 29 46 
146 50 139 55 142 52 207 13 29 46 
148 50 142 55 145 52 143 13 25 42 
149 50 142 55 145 52 187 13 31 46 
148 50 142 55 145 52 179 14 25 42 
141 51 134 56 137 53 123 14 25 47 
121 54 113 59 116 56 163 15 33 53 
99 55 91 60 95 57 237 18 30 52 
81 60 73 65 77 62 207 15 31 51 
71 61 65 66 68 63 198 16 24 42 
63 62 56 67 59 64 118 13 29 47 
52 64 45 69 48 66 149 15 28 47 
43 67 36 72 39 69 212 15 27 47 
30 62 24 67 27 64 125 13 25 42 
23 61 16 66 19 63 253 16 25 42 
21 62 15 67 18 64 251 16 24 40 
26 66 20 71 23 68 244 16 23 41 
36 67 29 71 32 69 255 19 25 40 
44 69 37 74 40 71 238 16 27 45 
48 70 42 75 45 72 206 17 23 42 
55 66 48 71 51 68 255 18 28 46 
65 68 58 73 61 70 170 15 28 48 
76 67 69 72 72 69 220 18 27 46 
78 68 71 73 74 70 154 14 26 47 
72 69 65 74 68 71 209 16 27 47 
66 67 59 72 62 69 233 19 26 46 
54 62 47 67 50 64 247 18 28 47 
44 65 37 70 40 67 177 16 27 47 
36 60 30 65 33 62 254 17 22 40 
34 60 28 65 31 62 156 13 25 42 
35 61 28 66 31 63 255 18 26 42 
47 64 40 69 43 66 255 18 28 46 
57 63 50 68 53 65 255 19 27 45 
69 62 62 67 65 64 223 17 26 46 
85 63 77 68 81 65 146 14 31 52 
98 64 91 69 94 66 255 20 27 46 
109 59 102 65 105 62 247 17 32 51 
119 57 112 62 115 59 255 19 26 46 
128 56 120 61 124 58 255 18 30 47 
139 52 132 57 135 54 254 18 27 47 
147 50 140 55 143 52 255 18 28 45 
152 50 145 55 148 52 196 15 29 47 
154 49 147 54 150 51 233 16 27 47 
153 49 146 54 149 51 255 17 28 46 
152 48 145 53 148 50 245 18 24 43 
142 49 134 54 138 51 222 18 29 52 
126 52 118 57 121 54 255 19 31 51 
109 55 102 60 105 57 144 18 25 48 
89 51 80 57 84 53 241 18 36 57 
67 48 59 53 63 50 255 20 29 50 
53 50 46 55 49 52 228 18 27 46 
41 54 34 59 37 56 255 17 28 45 
31 57 24 62 27 59 193 14 28 46 
23 58 16 63 19 60 255 17 25 42 
19 61 12 66 15 63 255 16 27 43 
27 61 20 66 23 63 209 16 27 47 
42 61 35 66 38 63 245 19 27 47 
57 61 49 66 53 63 170 15 33 52 
71 58 63 63 66 60 255 18 31 52 
82 50 74 55 78 52 255 19 28 49 
94 47 86 52 90 49 166 16 32 52 
109 49 101 54 104 51 171 18 29 53 
127 51 120 56 123 53 253 22 26 46 
134 49 126 55 130 52 255 17 32 52 
136 52 129 57 132 54 151 16 27 46 
135 52 127 57 131 54 255 17 31 52 
132 55 124 60 127 57 197 18 29 51 
127 54 119 59 123 56 216 17 29 49 
118 58 111 64 114 60 255 20 30 52 
106 61 99 66 102 63 252 21 25 47 
95 63 87 69 91 66 255 17 35 55 
87 63 80 68 83 65 140 16 28 48 
78 63 70 68 74 65 255 18 33 51 
63 66 56 71 59 68 190 19 26 48 
45 69 38 74 41 71 163 15 26 47 
34 68 27 73 30 70 197 15 28 47 
28 67 21 72 24 69 243 15 31 46 
29 67 23 72 26 69 254 18 24 42 
37 64 30 69 33 66 218 16 27 47 
53 63 45 68 48 65 224 17 31 53 
73 64 64 69 68 66 255 21 32 56 
90 63 82 68 86 65 255 21 30 50 
107 59 99 65 102 62 255 18 35 56 
118 59 111 64 114 61 255 21 26 46 
128 58 120 64 124 60 255 18 34 53 
135 57 128 62 131 59 193 17 27 47 
140 57 132 62 136 59 255 18 29 48 
145 57 138 62 141 59 184 16 26 47 
148 58 141 63 144 60 165 16 28 48 
151 57 144 62 147 59 255 19 27 47 
152 57 145 62 148 59 255 18 27 47 
157 60 150 65 153 62 255 19 27 46 
161 60 154 65 157 62 245 19 25 43 
165 59 158 65 161 61 255 17 32 48 
163 60 156 65 159 62 254 18 29 46 
164 59 157 65 160 61 255 18 30 47 
167 58 160 63 163 60 239 16 27 46 
165 56 158 62 161 59 255 16 35 51 
152 54 144 59 148 56 255 21 32 52 
131 56 123 61 127 58 238 20 29 52 
115 57 107 62 111 59 195 17 29 49 
108 55 101 60 104 57 240 19 27 48 
110 53 102 58 106 55 251 19 29 52 
130 54 122 59 126 56 128 16 30 50 
146 50 139 55 142 52 165 18 27 48 
153 49 146 54 149 51 255 18 27 46 
152 54 145 59 148 56 192 16 30 48 
145 55 137 60 140 57 160 15 30 53 
125 55 116 60 120 57 192 17 32 58 
100 58 91 63 95 60 236 18 32 58 
83 58 75 63 79 60 185 16 32 52 
71 60 64 65 67 62 222 18 27 44 
62 60 54 65 58 62 255 17 31 52 
52 62 44 67 47 64 255 19 28 47 
42 66 35 71 38 68 207 17 25 46 
30 66 23 71 26 68 255 18 26 45 
23 66 16 71 19 68 255 16 29 45 
23 67 16 72 19 69 147 14 26 43 
31 66 23 71 26 68 255 17 33 51 
42 63 35 69 38 66 255 19 28 47 
48 65 41 71 44 67 255 19 27 47 
47 63 40 68 43 65 222 18 28 47 
49 63 42 69 45 66 255 18 30 51 
52 65 44 70 48 67 255 19 30 49 
52 64 45 69 48 66 180 17 30 48 
54 63 46 69 49 65 255 18 34 56 
60 61 53 66 56 63 255 21 26 47 
65 61 58 67 61 64 255 22 26 47 
66 65 59 70 62 67 255 22 26 47 
67 64 59 69 63 66 255 20 32 52 
77 64 69 70 73 66 255 19 31 57 
85 64 77 69 81 66 171 18 31 52 
84 67 76 72 80 69 234 21 31 52 
84 66 77 71 80 68 221 22 26 48 
87 64 79 70 83 67 255 20 35 57 
87 62 79 68 83 65 255 19 34 57 
84 63 76 68 79 65 201 23 26 49 
73 68 65 73 69 70 218 25 27 53 
63 70 55 75 59 72 182 21 31 54 
55 71 47 77 50 73 237 21 30 55 
59 71 51 76 55 73 255 24 27 52 
67 70 58 76 62 72 255 20 36 60 
72 70 64 76 67 73 255 22 32 59 
76 64 68 70 72 67 255 20 33 58 
65 63 57 69 61 65 255 21 34 58 
58 61 50 66 53 63 192 19 29 53 
50 57 42 63 46 59 255 20 29 53 
43 57 35 62 39 59 212 18 31 52 
38 56 31 61 34 58 255 20 27 48 
36 56 29 61 32 58 250 19 26 47 
37 57 30 63 33 59 255 20 32 50 
48 60 40 65 44 62 255 21 29 52 
64 64 56 69 60 66 244 21 28 52 
75 62 68 67 71 64 230 22 27 48 
88 61 80 66 84 63 156 18 32 54 
101 58 93 63 97 60 213 21 29 50 
121 58 113 63 117 60 255 24 28 53 
137 57 129 62 133 59 205 19 32 53 
148 55 141 60 144 57 253 22 26 48 
154 55 147 60 150 57 255 21 26 47 
151 54 143 59 147 56 255 20 31 52 
137 52 129 57 132 54 238 22 28 53 
122 52 114 58 118 54 255 19 34 57 
120 54 112 59 116 56 213 20 29 49 
121 53 113 59 116 56 255 19 35 57 
121 55 113 60 116 57 219 21 28 50 
120 55 112 61 116 58 255 21 34 53 
118 56 111 62 114 59 255 23 27 49 
117 59 109 65 113 61 255 20 33 58 
116 63 108 69 111 65 230 26 28 51 
117 65 108 71 112 67 249 22 31 53 
118 64 110 69 113 66 255 22 30 53 
119 68 112 73 115 70 227 24 25 48 
118 66 111 71 114 68 213 23 25 48 
110 66 102 71 106 68 253 23 30 53 
95 64 86 69 90 66 255 22 32 57 
77 56 69 62 72 58 255 26 30 55 
65 51 57 57 60 53 255 21 35 58 
59 48 52 54 55 51 255 19 32 52 
59 50 52 56 55 52 255 20 30 51 
56 51 49 56 52 53 255 22 26 47 
54 52 47 57 50 54 255 22 26 47 
55 55 48 60 51 57 247 24 26 48 
61 60 53 66 57 63 255 20 34 59 
68 65 60 71 63 68 255 22 31 54 
76 63 68 69 72 65 255 22 33 57 
87 64 78 70 82 67 255 20 37 62 
98 62 90 67 94 64 233 23 28 53 
111 59 102 65 106 61 255 20 41 63 
126 59 117 65 121 61 255 20 38 62 
141 54 133 60 136 57 255 22 32 55 
148 51 140 57 144 53 255 18 33 57 
146 52 139 57 142 54 255 22 26 48 
138 52 130 57 134 54 240 22 27 52 
123 52 115 57 119 54 177 21 29 54 
104 56 95 61 99 58 255 23 31 57 
80 58 71 64 75 61 255 22 36 63 
60 62 51 67 55 64 255 24 31 55 
46 66 39 71 42 68 229 23 26 48 
40 66 32 72 36 68 255 20 33 55 
35 65 27 70 31 67 255 20 31 52 
32 65 24 71 28 68 255 19 34 56 
34 65 26 70 30 67 255 24 28 51 
54 65 45 70 49 67 220 24 31 59 
78 62 69 67 73 64 238 24 33 59 
93 59 84 65 88 61 237 25 35 61 
108 59 99 65 103 61 255 23 34 60 
124 56 115 62 119 59 255 25 34 64 
140 54 131 59 135 56 251 25 30 56 
150 54 141 60 145 57 255 22 36 61 
150 55 141 61 145 58 255 21 36 60 
145 57 137 63 141 60 255 23 33 58 
134 56 125 62 129 59 255 24 34 61 
127 56 118 62 122 58 255 21 40 64 
139 53 131 59 134 56 255 24 31 59 
148 52 140 58 143 54 255 22 34 58 
150 55 143 60 146 57 255 25 25 48 
151 56 142 62 146 58 247 23 31 55 
147 57 139 63 143 60 255 21 34 58 
147 57 139 62 143 59 255 23 29 54 
153 58 146 63 149 60 207 26 24 48 
158 59 150 64 154 61 210 23 28 52 
162 60 154 65 157 62 255 23 30 53 
165 61 157 66 161 63 255 23 28 52 
169 61 160 66 164 63 250 22 30 55 
170 62 163 67 166 64 255 25 26 48 
172 61 164 67 168 63 255 21 31 57 
170 61 162 66 166 63 203 25 26 50 
167 60 159 65 163 62 255 25 28 53 
161 61 153 66 157 63 244 28 25 49 
159 59 151 65 155 61 255 23 32 57 
155 59 147 64 150 61 255 25 28 52 
150 58 142 63 146 60 203 25 29 54 
141 57 132 63 136 59 255 23 38 64 
122 59 113 65 117 62 255 25 35 64 
103 60 94 66 98 62 255 24 33 60 
90 64 81 70 85 67 255 28 33 60 
86 75 77 81 81 78 255 23 36 66 
80 79 72 84 76 81 255 28 28 54 
74 79 65 85 69 82 255 22 37 64 
68 81 60 86 64 83 218 27 29 54 
65 83 57 88 60 85 208 26 27 53 
58 82 49 88 53 85 255 22 36 59 
48 80 40 86 44 83 255 26 29 55 
41 78 32 84 36 81 255 22 37 64 
36 75 27 81 31 78 255 22 37 61 
35 75 26 80 30 77 255 24 33 58 
39 73 30 79 34 75 255 27 33 60 
49 70 40 76 44 72 229 26 34 64 
64 71 54 77 59 73 255 24 40 71 
81 69 71 75 76 72 255 25 39 67 
92 65 83 70 87 67 255 31 31 58 
101 56 92 61 96 58 255 31 31 59 
108 50 99 56 103 52 255 25 33 60 
115 49 107 55 111 51 255 24 32 58 
122 50 114 55 118 52 255 26 29 54 
133 52 124 57 128 54 221 25 33 58 
144 54 135 59 139 56 206 25 28 54 
154 56 145 61 149 58 255 24 33 58 
162 57 153 63 157 59 251 22 33 59 
164 58 156 63 159 60 252 25 29 53 
158 59 150 64 154 61 224 26 30 54 
148 59 139 65 143 61 255 25 35 61 
137 58 128 64 132 61 255 25 37 64 
124 60 114 66 119 62 255 23 38 70 
109 59 101 64 105 61 255 29 27 54 
100 61 91 67 95 64 255 23 36 64 
92 62 83 68 87 64 255 22 36 63 
79 63 71 68 75 65 216 28 28 54 
69 66 60 71 64 68 255 26 30 54 
60 66 51 72 55 69 255 24 34 61 
53 67 44 73 48 69 225 24 33 59 
47 67 38 73 42 69 255 22 36 64 
42 67 34 72 38 69 205 26 28 54 
38 67 30 72 34 69 211 26 29 53 
33 65 25 71 28 68 255 24 32 56 
30 67 22 72 26 69 250 25 30 50 
32 66 23 71 27 68 208 25 32 58 
39 66 30 71 34 68 255 26 32 59 
47 65 38 71 42 68 255 24 36 65 
58 65 49 71 53 67 255 29 33 56 
78 60 68 66 73 63 255 26 35 65 
99 60 90 66 94 63 255 31 33 64 
115 59 105 65 110 61 255 28 39 71 
124 61 115 67 119 64 255 28 32 66 
130 59 120 65 125 61 255 27 36 70 
130 59 119 65 124 61 255 28 37 69 
131 58 122 63 126 60 255 32 31 59 
125 60 115 66 120 62 255 34 34 66 
115 59 105 65 110 61 255 29 39 70 
113 59 103 65 108 62 255 27 37 67 
106 59 97 65 101 62 255 28 36 66 
97 62 88 68 92 65 255 29 35 65 
86 64 77 70 81 66 255 32 32 62 
72 64 63 70 67 67 255 27 37 65 
55 63 46 68 50 65 255 33 30 60 
45 67 36 73 40 69 225 28 33 60 
37 69 28 75 32 71 255 26 33 61 
27 68 19 73 23 70 255 28 28 54 
19 68 10 73 14 70 255 26 32 58 
20 69 12 75 16 72 255 26 28 54 
28 70 19 76 23 72 255 23 36 64 
43 72 33 77 38 74 255 30 33 64 
61 72 52 78 56 75 255 32 32 62 
84 72 73 78 78 75 255 27 40 76 
104 68 94 74 98 70 255 28 37 72 
122 62 112 68 116 65 255 29 36 67 
134 59 125 65 129 61 255 26 33 64 
139 61 130 67 134 63 255 27 34 64 
144 61 135 66 139 63 255 31 31 59 
152 59 142 65 146 62 255 25 36 67 
157 60 148 66 152 63 255 24 37 66 
164 59 156 65 160 62 255 26 34 60 
168 58 160 64 164 61 255 25 30 58 
167 58 158 64 162 60 255 25 35 63 
160 58 151 63 155 60 252 30 29 58 
149 57 139 62 143 59 246 30 33 65 
131 60 121 66 126 62 255 28 37 68 
115 61 105 67 110 63 255 26 40 71 
103 58 92 64 97 60 255 27 36 71 
89 61 80 67 84 63 255 34 35 65 
83 67 74 73 78 70 255 26 36 64 
77 66 68 72 72 69 255 27 38 65 
70 67 61 73 65 69 227 30 33 60 
61 68 51 74 56 70 255 25 37 70 
50 69 41 75 45 71 255 27 34 63 
44 67 35 73 39 70 255 24 34 65 
40 68 32 73 36 70 255 29 28 54 
40 68 31 74 35 70 240 29 32 60 
47 66 37 72 42 68 255 25 39 70 
55 66 46 72 50 69 255 28 33 66 
66 60 56 66 61 62 255 29 36 72 
74 53 64 60 68 56 255 31 45 78 
77 51 67 57 71 54 255 27 37 72 
78 51 68 57 73 54 255 29 36 72 
78 48 68 54 73 50 255 31 37 67 
77 48 67 54 71 50 248 30 34 67 
77 47 67 53 71 49 255 29 38 67 
81 47 71 53 75 50 255 26 39 70 
91 46 81 52 85 48 255 27 36 70 
106 46 96 52 101 49 255 31 33 63 
120 47 110 53 115 49 255 26 36 67 
133 47 123 53 128 50 255 25 37 68 
142 49 132 55 137 52 255 25 38 71 
147 52 138 58 142 55 255 26 35 67 
147 55 138 60 142 57 255 32 31 60 
137 56 128 62 132 59 255 31 33 63 
123 56 112 62 117 59 255 27 39 76 
106 56 95 62 100 59 255 29 42 78 
90 57 80 63 85 59 255 30 35 67 
72 59 61 65 66 61 255 30 42 77 
55 67 45 73 50 70 255 31 38 72 
50 68 41 74 45 71 255 29 33 67 
48 71 39 77 43 74 255 29 34 67 
50 73 40 79 44 76 255 29 36 71 
52 72 41 78 46 74 255 32 42 76 
60 70 49 76 54 72 255 34 36 73 
69 69 57 75 63 72 255 31 42 83 
76 68 65 74 70 71 255 33 41 80 
82 65 71 72 76 68 255 38 41 81 
97 66 86 72 91 69 255 35 37 79 
113 64 102 70 107 67 255 34 38 79 
121 63 110 69 115 66 255 31 38 78 
122 66 111 72 116 68 255 33 36 73 
127 62 117 68 122 64 255 36 36 73 
136 57 125 63 130 59 255 28 40 77 
143 56 133 62 138 58 255 31 37 72 
149 57 139 64 144 60 255 33 39 71 
154 60 144 66 149 62 255 30 36 72 
158 62 148 68 153 64 255 33 34 67 
161 62 150 68 155 64 255 28 40 77 
161 62 151 68 156 65 255 29 36 72 
159 63 149 69 154 66 255 31 36 73 
150 64 139 70 144 67 255 33 39 76 
138 65 127 71 132 67 255 35 41 80 
126 65 115 71 120 68 255 32 41 79 
115 65 105 71 110 68 255 34 36 73 
111 64 101 70 105 67 255 32 36 74 
104 62 94 68 98 65 255 32 37 73 
90 60 80 66 85 63 255 32 37 72 
73 62 62 68 67 64 255 29 38 73 
57 65 47 71 51 68 255 30 36 73 
46 69 36 75 40 72 255 28 38 73 
42 73 32 79 36 75 255 28 37 72 
43 74 33 80 37 77 255 30 37 70 
47 75 36 81 41 78 255 30 40 73 
50 76 39 82 44 78 255 29 39 77 
47 76 37 82 42 79 255 31 38 72 
48 76 37 82 42 79 255 33 40 73 
55 77 44 84 49 80 255 33 39 77 
70 76 58 82 64 78 255 37 42 85 
88 69 76 75 81 72 255 35 42 87 
103 66 91 73 97 69 255 36 46 90 
117 63 104 69 110 65 255 37 44 91 
132 60 120 67 126 63 255 37 47 92 
147 54 135 61 141 57 255 38 46 90 
158 55 146 61 152 58 255 36 38 77 
162 56 151 63 156 59 255 38 41 81 
160 60 148 67 154 63 255 36 47 87 
155 61 143 68 148 64 255 35 49 91 
148 61 136 67 142 63 255 39 42 86 
131 63 118 69 124 65 255 39 43 92 
112 64 100 70 106 67 255 40 38 81 
102 62 90 68 96 65 255 37 41 85 
90 60 78 66 83 63 255 37 41 86 
72 63 60 70 66 66 255 39 45 90 
54 60 42 67 47 63 255 35 49 91 
43 68 32 74 37 71 255 41 36 75 
38 71 27 78 32 74 255 34 46 80 
34 72 23 78 28 75 255 34 39 80 
32 73 21 79 26 76 255 34 38 79 
35 74 24 81 29 77 255 35 44 84 
48 73 35 79 41 75 255 38 45 91 
66 69 54 76 60 72 255 42 46 88 
87 67 74 73 80 69 255 39 42 87 
110 66 97 72 103 69 255 37 46 92 
126 64 114 70 120 67 255 36 41 86 
135 62 123 69 128 65 255 36 46 87 
141 60 130 67 135 63 255 37 42 82 
149 60 138 66 143 63 255 38 37 76 
158 60 147 66 152 63 255 36 37 80 
163 60 151 66 157 63 255 35 39 83 
156 61 144 67 150 64 255 36 42 87 
135 61 122 68 128 64 255 41 45 94 
115 64 102 71 108 67 255 38 50 100 
98 66 85 73 91 69 255 39 49 97 
80 71 67 78 73 74 255 42 45 96 
66 74 54 80 60 77 255 38 38 85 
55 73 42 79 48 76 255 38 42 87 
47 71 35 78 40 74 255 36 47 93 
41 70 29 77 34 73 255 38 43 87 
34 69 22 76 27 72 255 36 45 93 
27 70 16 77 21 73 255 37 44 87 
28 72 16 79 22 75 255 38 42 82 
34 74 22 81 28 77 255 38 46 92 
46 74 33 81 39 77 255 37 52 100 
63 74 50 81 56 77 255 40 47 100 
83 74 69 81 76 77 255 40 48 103 
100 72 87 79 93 75 255 39 51 100 
113 68 101 74 107 70 255 44 39 81 
125 67 113 73 118 70 255 39 42 88 
135 64 123 71 129 67 255 41 41 83 
144 61 132 68 138 64 255 36 49 93 
149 60 138 66 143 63 255 37 37 80 
153 60 141 66 147 62 255 39 39 84 
155 59 143 66 148 62 255 38 40 85 
152 60 140 67 146 63 255 36 45 88 
147 61 135 67 141 64 255 39 41 86 
143 61 131 68 137 64 255 39 46 93 
131 62 117 69 124 65 255 42 49 101 
113 63 99 70 106 66 255 41 53 106 
94 66 80 73 86 69 255 44 47 95 
78 67 64 74 70 70 255 40 51 107 
69 69 55 76 62 72 255 39 54 106 
69 67 55 75 61 71 255 43 46 98 
69 67 55 75 61 70 255 46 54 109 
77 63 62 70 69 66 255 47 50 115 
99 58 83 66 90 61 255 49 60 129 
124 56 108 64 116 60 255 46 64 130 
141 56 126 63 133 59 255 48 53 117 
147 58 132 66 139 62 255 47 52 117 
147 61 132 69 139 64 255 47 51 117 
140 64 125 72 132 67 255 48 55 121 
133 66 118 74 125 70 255 50 57 124 
122 67 107 75 114 71 255 50 58 125 
111 69 96 77 103 72 255 48 56 117 
96 73 80 81 87 77 255 49 60 128 
77 77 63 84 70 80 255 48 48 112 
66 74 51 82 58 77 255 47 56 115 
54 73 39 81 46 77 255 47 52 115 
44 73 29 81 36 76 255 46 55 122 
47 74 32 82 39 77 255 47 58 124 
51 75 35 82 43 78 255 49 54 125 
61 75 44 83 52 79 255 51 61 134 
69 77 52 85 60 81 255 53 61 139 
90 79 72 88 81 83 255 55 73 158 
112 76 94 85 102 80 255 54 72 157 
123 72 105 81 113 76 255 57 63 155 
134 67 116 76 125 71 255 60 67 166 
136 64 117 74 126 68 255 58 76 176 
130 64 111 74 120 68 255 62 74 181 
120 65 101 76 110 70 255 63 76 180 
114 68 95 78 104 73 255 61 76 179 
112 70 93 80 102 74 255 60 75 176 
116 67 97 77 106 72 255 59 78 177 
126 63 108 73 117 68 255 58 78 174 
125 68 106 78 115 72 255 61 78 177 
119 75 99 84 109 79 255 62 77 179 
108 82 89 91 98 86 255 66 69 178 
99 85 78 95 88 89 255 63 80 191 
89 83 68 93 78 88 255 67 87 211 
68 83 46 94 57 88 255 68 88 220 
67 82 45 93 56 87 255 72 86 222 
88 83 63 96 75 89 255 73 101 262 
104 71 80 84 91 77 255 80 97 278 
134 58 109 73 121 66 255 76 118 313 
145 61 123 75 134 67 255 78 101 272 