104 58 98 62 101 60 254 19 20 35 
100 60 94 65 96 62 194 15 25 41 
97 63 91 68 94 65 255 17 24 40 
94 65 88 70 91 67 210 15 24 41 
91 66 85 70 88 68 245 17 20 35 
83 65 76 70 79 67 198 13 30 45 
68 64 61 69 64 66 154 13 29 47 
54 65 48 70 51 67 110 11 25 42 
54 67 48 72 51 69 143 10 25 41 
55 71 49 76 52 73 239 14 26 41 
63 69 56 73 59 71 249 16 23 40 
76 65 69 70 72 67 207 13 27 43 
90 58 83 63 86 60 201 14 26 46 
103 50 96 56 99 52 206 12 33 47 
111 43 105 48 108 45 187 15 22 41 
116 38 110 42 113 40 247 17 20 35 
116 36 110 41 113 38 108 11 25 40 
112 35 106 40 109 37 204 13 25 40 
102 35 95 40 98 37 140 11 28 46 
83 39 76 44 79 41 196 14 27 42 
63 43 55 48 58 45 231 16 24 39 
46 48 40 53 42 50 224 15 26 41 
36 51 30 56 32 53 156 11 24 41 
30 53 24 58 27 55 154 10 26 41 
25 54 19 58 22 56 248 14 20 35 
26 54 20 59 22 56 228 15 23 37 
37 53 30 58 33 55 97 11 26 46 
65 49 57 54 61 51 191 14 30 50 
85 49 78 54 81 51 124 13 28 47 
101 52 93 56 97 54 255 18 26 45 
116 51 109 56 112 53 193 13 28 46 
129 49 122 54 125 51 244 15 30 46 
141 47 134 52 137 49 247 15 27 45 
149 46 142 51 145 48 196 12 28 45 
156 46 150 51 152 48 152 11 26 41 
160 45 154 50 157 47 201 14 24 37 
163 46 157 51 160 48 192 12 26 40 
162 45 156 50 159 47 188 11 27 40 
158 50 152 55 155 52 195 14 25 42 
160 56 154 61 156 58 183 14 23 37 
158 57 152 62 155 59 237 14 26 40 
156 56 150 61 152 58 119 10 24 41 
154 55 148 60 151 57 220 14 24 40 
150 51 143 56 146 53 222 16 22 37 
142 52 135 57 138 54 203 13 29 46 
127 54 120 59 123 56 155 13 27 47 
112 56 105 61 108 58 220 15 28 46 
94 57 86 61 90 59 245 19 26 45 
70 57 62 62 66 59 137 11 32 51 
48 56 41 61 44 58 207 15 25 42 
35 55 29 60 31 57 138 11 27 41 
36 54 30 59 32 56 142 11 24 41 
47 54 40 58 43 56 214 16 24 40 
60 51 53 56 56 53 233 14 31 45 
69 49 62 54 65 51 204 13 28 46 
78 47 72 52 75 49 189 15 24 42 
95 44 87 48 90 46 250 19 24 42 
114 44 106 49 109 46 163 13 31 52 
125 44 118 49 121 46 247 16 28 45 
126 45 119 51 122 48 254 15 30 47 
132 44 125 49 128 46 253 16 26 45 
137 48 131 53 134 50 129 13 23 42 
141 49 135 54 138 51 255 19 22 37 
134 51 128 56 131 53 166 16 23 42 
104 54 97 59 100 56 216 17 27 46 
90 55 83 60 86 57 130 14 29 48 
48 80 43 84 45 81 56 4 16 26 
69 52 62 58 65 54 253 17 28 47 
62 52 55 57 58 54 255 17 28 46 
50 49 43 54 46 51 247 18 27 45 
42 47 35 52 38 49 192 14 28 45 
51 49 44 54 47 51 254 19 27 45 
67 47 60 52 63 49 127 16 26 48 
111 44 103 49 107 46 224 18 30 52 
79 67 74 71 76 69 62 5 20 30 
91 65 86 69 88 67 101 6 20 30 
100 65 95 69 97 67 80 5 22 30 
105 66 100 70 102 68 48 4 18 26 
109 66 104 70 106 68 51 4 22 30 
108 67 103 72 105 69 37 3 27 35 
100 72 95 76 97 74 59 5 18 27 
88 76 83 80 85 78 90 6 20 30 
78 78 73 82 75 80 97 5 19 30 
67 78 61 82 63 80 96 5 21 32 
55 79 50 83 52 81 77 5 22 30 
47 79 42 83 44 81 60 4 22 30 
46 76 42 80 44 78 58 3 16 25 
49 71 45 75 46 72 57 4 13 22 
37 76 33 80 35 78 61 3 16 25 
60 51 53 56 56 53 208 16 26 46 
53 52 46 57 49 54 210 15 25 43 
49 53 43 58 46 55 248 17 24 40 
48 54 41 59 44 56 255 16 30 46 
49 57 43 62 46 59 247 20 24 42 
50 59 43 64 46 61 240 17 28 46 
49 60 42 65 45 62 255 18 28 46 
48 60 41 65 44 62 192 18 29 47 
52 59 44 64 48 61 240 17 29 52 
66 57 59 62 62 59 221 20 26 48 
81 51 73 57 76 54 255 19 31 52 
88 48 81 53 84 50 255 20 25 46 
92 49 85 54 88 51 218 20 26 48 
100 49 93 54 96 51 191 19 26 48 
114 47 107 52 110 49 142 19 24 48 
127 45 120 50 123 47 215 21 26 48 
119 48 111 53 115 50 255 22 28 52 
107 51 99 56 103 53 254 22 28 49 
96 51 88 57 91 54 255 22 36 58 
86 52 78 57 82 54 228 22 27 52 
78 54 70 59 74 56 207 20 30 53 
73 55 65 60 68 57 216 22 26 49 
67 56 60 61 63 58 255 23 26 48 
65 53 57 59 61 55 255 20 33 58 
72 52 63 57 67 54 192 21 28 54 
92 51 82 56 87 53 230 24 31 60 
113 53 105 58 109 55 255 26 28 54 
130 53 122 58 126 55 253 25 27 53 
140 53 131 59 135 56 255 20 37 60 
144 54 136 59 140 56 238 22 28 53 
148 54 140 59 144 56 222 22 28 52 
137 56 128 61 132 58 253 25 31 58 
115 56 105 62 110 58 255 24 40 69 
86 59 76 65 80 62 255 24 37 69 
63 60 55 65 59 62 195 25 28 54 
51 59 42 64 46 61 197 22 31 58 
40 58 31 64 35 61 255 21 38 62 
35 58 27 64 30 61 255 21 34 58 
42 58 33 64 37 60 255 23 36 63 
64 59 54 64 58 61 255 26 31 60 
90 51 80 58 85 54 255 31 37 72 
107 46 98 51 102 48 240 28 30 58 
117 42 108 48 112 44 255 26 36 65 
125 43 116 49 120 45 236 27 33 60 
127 43 118 49 122 45 255 24 38 65 
126 47 117 53 121 49 255 26 34 65 
123 49 114 55 118 51 255 25 35 65 
120 55 110 61 115 57 255 25 40 70 
113 51 104 57 108 53 255 29 33 65 
100 46 90 51 95 48 255 33 34 61 
86 43 76 48 81 45 245 29 37 65 
76 44 66 49 71 46 255 30 35 64 
64 46 54 51 59 48 255 30 32 64 
55 47 46 53 50 50 255 29 33 63 
51 50 41 56 46 53 255 26 36 68 
52 53 42 59 46 55 255 29 38 68 
63 55 53 61 58 57 255 29 35 67 
84 56 73 62 78 59 255 30 37 73 
106 56 94 62 99 58 255 30 42 83 
126 57 115 63 120 59 255 30 40 78 
146 58 135 64 140 60 255 32 41 77 
160 59 149 65 154 61 255 29 38 73 
160 60 150 66 155 62 255 33 38 69 
151 60 141 66 146 63 255 31 34 71 
139 59 129 65 133 61 255 36 36 72 
121 54 111 60 116 57 255 31 37 72 
109 52 99 58 104 54 255 28 35 66 
101 48 92 54 96 51 255 28 32 66 
96 45 87 50 91 47 253 30 32 59 
91 47 82 53 86 50 255 24 36 64 
86 46 77 52 81 48 255 23 37 64 
80 47 71 52 75 49 219 23 33 58 
72 50 64 55 68 52 255 26 28 54 
55 48 46 54 50 50 255 22 34 59 
48 48 40 54 43 50 255 21 32 57 
47 50 39 55 43 52 255 24 29 52 
47 49 39 55 42 51 255 21 33 58 
48 51 40 57 44 53 255 21 32 53 
49 50 40 56 44 53 255 21 38 64 
48 51 40 56 43 53 255 27 27 53 
51 54 42 59 46 56 244 28 32 59 
63 54 54 60 58 57 255 26 34 65 
82 51 72 57 77 53 255 30 37 71 
99 49 89 55 93 52 255 27 39 72 
112 49 102 55 107 52 255 29 37 73 
124 48 113 54 118 50 255 30 38 73 
135 47 124 53 129 50 255 28 41 77 
135 51 124 57 129 53 255 29 41 77 
129 50 118 56 123 53 255 32 36 74 
120 53 108 59 114 55 255 35 42 79 
98 53 86 59 92 55 255 36 41 77 
75 53 63 59 69 56 255 35 39 82 
57 52 45 59 50 55 255 33 45 83 
44 52 34 59 38 55 255 36 37 73 
39 52 28 58 33 55 255 32 40 77 
40 51 29 58 34 54 255 32 45 84 
49 51 37 58 42 54 255 32 48 90 
61 50 49 57 55 53 255 39 41 85 
79 54 67 61 73 57 255 39 47 93 
97 50 83 57 89 53 255 41 51 107 
116 56 103 62 109 59 255 40 44 94 
131 56 118 62 124 59 255 41 44 93 
142 58 128 65 135 61 255 40 50 102 
149 57 136 64 142 60 255 40 48 101 
152 63 139 71 145 67 255 44 54 103 
156 68 143 75 149 71 255 41 47 97 
156 69 143 76 149 72 255 40 51 99 
148 66 134 73 141 69 255 44 48 105 
128 66 112 73 119 69 255 45 52 116 
104 65 88 73 95 68 255 45 63 126 
79 63 63 70 71 66 255 48 52 123 
61 63 46 71 53 66 255 47 62 122 
53 64 38 72 45 67 255 47 60 124 
60 66 44 74 52 70 255 51 61 134 
77 65 59 73 67 69 255 52 64 144 
94 63 75 72 84 68 255 57 66 156 
113 61 95 69 104 65 255 63 60 156 
135 59 116 68 125 63 255 59 74 175 
152 59 134 69 143 63 255 61 71 168 
163 57 145 67 154 62 255 58 73 173 
165 60 147 70 156 65 255 60 76 175 
154 61 134 71 144 66 255 60 84 191 
141 61 120 72 130 67 255 63 94 209 
127 61 105 73 116 67 255 65 101 230 
117 61 95 73 106 67 255 67 94 221 
112 62 90 74 100 68 255 69 97 230 
110 63 88 75 98 69 255 71 97 237 
112 64 90 78 101 70 255 71 99 247 
119 64 95 76 106 70 255 73 105 263 
130 63 105 77 117 70 255 74 114 290 
150 67 126 80 138 73 255 79 106 289 
151 69 127 82 139 75 255 82 101 294 
185 113 183 117 184 115 21 7 10 10 
131 68 104 85 118 76 255 83 130 366 
128 67 101 84 114 75 255 84 147 385 
126 67 98 82 111 74 255 89 130 375 
122 65 94 83 108 73 255 91 140 407 
120 63 90 82 105 71 255 88 171 462 
118 61 87 80 102 70 255 92 174 476 
