118 51 107 58 112 54 255 37 47 87 
133 55 121 62 127 58 255 36 47 89 
143 58 132 65 137 61 255 36 47 82 
153 59 142 66 147 62 255 35 42 77 
157 59 146 66 151 62 255 35 44 79 
151 57 139 63 145 60 255 33 41 84 
133 52 121 59 126 55 255 40 41 87 
109 50 96 56 103 52 255 37 42 84 
89 52 76 59 82 55 255 38 49 98 
73 55 61 62 67 58 255 38 48 94 
67 59 55 66 60 62 255 38 49 93 
72 64 60 71 66 67 255 38 46 89 
81 67 69 73 75 70 255 40 40 87 
87 63 75 70 81 66 255 38 45 93 
102 58 89 65 95 61 255 40 50 102 
120 59 106 66 113 62 255 40 53 105 
132 59 118 66 125 62 255 40 51 104 
138 58 124 65 131 61 255 41 50 105 
130 52 116 59 123 55 255 46 50 110 
115 56 101 64 108 60 255 50 51 115 
106 62 91 70 98 66 255 51 59 125 
100 67 84 74 92 70 255 49 51 124 
90 64 73 72 81 67 255 50 60 131 
81 62 64 71 72 66 255 49 71 148 
74 62 57 70 65 66 255 55 60 143 
78 56 60 66 68 61 255 58 77 167 
89 56 70 66 79 61 255 59 81 181 
106 60 86 70 95 65 255 64 81 192 
127 63 105 75 115 69 255 65 91 219 
142 65 121 76 131 70 255 68 87 215 
152 68 131 80 141 74 255 71 86 220 
157 69 135 81 145 74 255 73 89 233 
152 70 129 83 140 76 255 74 99 253 
143 70 119 83 131 76 255 77 108 281 
132 70 106 84 119 76 255 78 120 320 
121 68 94 83 107 75 255 82 126 347 
113 67 85 82 99 74 255 89 122 367 
110 72 81 88 95 79 255 92 136 405 
100 72 69 90 83 81 255 93 176 495 
87 70 55 91 70 79 255 99 163 513 
85 72 52 91 68 81 255 105 153 529 
97 70 62 94 79 82 255 103 214 660 
111 73 75 95 92 83 255 109 176 625 
121 74 84 95 102 84 255 112 174 651 
130 75 93 97 111 86 255 117 176 695 
139 76 101 99 120 87 255 121 173 737 
146 77 107 103 126 89 255 121 192 809 
153 78 113 104 133 91 255 123 207 896 
158 79 117 108 137 93 255 125 214 972 
157 82 115 111 135 96 255 130 214 1046 
154 85 108 118 131 100 255 132 214 1213 
154 87 103 118 127 103 255 139 199 1323 
155 89 99 118 124 104 255 150 194 1383 
155 90 97 118 123 105 255 159 183 1354 
156 93 98 118 126 106 255 163 177 1284 
158 93 100 118 129 107 255 165 165 1273 
159 95 102 118 131 108 255 162 148 1149 
162 98 103 118 133 109 255 155 155 1021 
163 100 104 118 134 110 255 149 138 920 
164 101 105 118 135 110 255 146 134 850 
163 102 105 118 135 111 255 141 136 802 
163 102 103 118 134 111 255 142 135 820 
164 102 105 118 135 111 255 140 131 791 
163 99 103 118 134 110 255 149 143 928 
161 98 103 118 133 109 255 156 146 990 
159 94 106 118 133 107 255 162 151 1175 
155 92 107 118 131 105 255 147 168 1181 
145 87 102 116 123 100 255 127 214 1023 
134 82 95 105 114 93 255 120 201 796 
122 75 87 96 104 85 255 109 171 614 
114 71 83 91 98 80 255 98 158 478 
115 70 86 86 100 77 255 91 132 387 
112 65 85 80 98 72 255 85 122 338 
100 66 75 80 87 73 255 75 120 307 
88 61 64 74 76 68 255 71 112 264 
71 62 49 74 59 68 255 69 89 228 
54 60 34 71 43 65 255 68 82 207 
50 61 30 72 40 66 255 67 79 195 
59 59 38 71 48 65 255 68 84 205 
77 59 55 71 66 65 255 68 92 228 
101 60 77 72 89 66 255 69 102 249 
125 61 101 75 113 67 255 70 108 265 
145 64 122 77 133 70 255 72 98 252 
164 69 142 80 153 74 255 72 92 238 
176 70 156 82 166 76 255 70 80 224 
178 72 158 83 168 77 255 72 78 219 
171 71 150 83 160 76 255 72 86 231 
154 70 131 82 142 76 255 72 94 247 
126 66 102 78 113 72 255 75 98 259 
96 66 71 78 83 71 255 71 108 266 
67 66 44 77 55 71 255 73 97 248 
50 67 28 79 39 73 255 72 99 250 
46 71 24 84 34 77 255 73 101 253 
46 71 24 86 34 78 255 73 108 274 
53 74 30 87 41 80 255 77 101 277 
62 75 38 88 49 81 255 81 110 298 
76 75 49 90 62 82 255 83 126 345 
87 73 59 91 72 82 255 85 163 415 
100 75 70 95 84 84 255 90 166 456 
116 77 85 94 100 84 255 96 140 467 
133 75 100 94 116 84 255 100 158 511 
149 73 116 92 132 82 255 104 158 558 
159 72 126 93 142 82 255 105 173 606 
164 73 130 95 147 84 255 109 181 645 
162 74 126 96 144 84 255 112 185 706 
149 75 111 99 130 86 255 118 182 765 
132 75 91 101 111 87 255 122 209 869 
115 74 72 102 93 88 255 129 201 967 
99 74 54 106 76 89 255 129 233 1113 
87 79 42 110 64 94 255 134 206 1148 
81 81 35 114 58 96 255 135 206 1274 
77 83 30 118 53 100 255 135 214 1404 
77 87 29 118 53 103 255 150 169 1336 
82 88 32 118 57 104 255 155 158 1382 
84 89 33 118 58 104 255 157 150 1349 
85 88 34 118 59 104 255 158 147 1382 
91 86 39 118 64 103 255 153 163 1469 
94 85 43 118 68 102 255 147 186 1471 
102 81 53 117 77 98 255 136 217 1381 
118 76 73 105 95 90 255 132 200 1061 
127 70 88 95 107 81 255 119 197 774 
127 65 93 86 110 75 255 103 194 601 
128 62 98 81 113 71 255 88 175 458 
122 64 96 79 109 70 255 82 127 334 
117 63 93 76 105 69 255 75 104 262 
110 58 88 71 99 64 255 65 113 250 
104 53 84 66 94 59 255 65 92 217 
97 57 77 67 86 62 255 59 85 188 
102 58 83 67 92 62 255 59 77 173 
110 58 92 67 101 63 255 61 59 151 
119 55 101 64 109 59 255 54 68 158 
124 56 107 64 115 60 255 57 60 147 
136 56 118 65 127 60 255 53 71 160 
150 56 132 65 140 60 255 56 66 163 
162 61 145 70 153 65 255 58 65 156 
161 63 143 72 151 67 255 60 69 163 
153 63 133 73 143 68 255 62 75 184 
136 60 114 70 125 65 255 64 90 212 
111 59 88 70 99 65 255 68 88 225 
82 59 58 71 70 65 255 67 101 245 
58 63 37 74 47 68 255 68 86 223 
44 65 23 77 33 71 255 69 90 229 
32 63 13 75 22 68 255 70 86 224 
27 62 8 75 17 68 255 69 92 228 
27 65 8 78 17 71 255 70 88 229 
29 67 8 80 18 73 255 71 97 240 
34 68 13 81 23 74 255 73 99 253 
47 66 24 80 35 73 255 75 109 280 
56 68 32 82 44 75 255 79 103 284 
65 67 40 82 52 74 255 78 128 328 
74 69 47 84 60 76 255 85 124 347 
78 68 49 85 63 76 255 88 144 399 
84 68 54 85 68 76 255 96 135 426 
89 66 58 87 73 75 255 98 167 512 
83 69 50 91 66 79 255 104 173 562 
79 69 44 92 61 79 255 110 183 652 
76 71 39 95 57 83 255 118 185 745 
73 77 33 103 52 89 255 123 191 875 
78 78 34 109 55 93 255 131 193 1080 
85 81 37 116 60 97 255 135 218 1357 
92 81 40 118 65 100 255 142 188 1679 
103 82 48 118 75 101 255 154 187 1744 
110 85 52 118 80 103 255 161 186 1728 
117 86 56 118 86 104 255 166 159 1692 
120 86 58 118 89 104 255 167 146 1684 
120 86 57 118 89 104 255 167 142 1673 
124 87 62 118 93 105 255 168 152 1639 
130 88 66 118 98 105 255 169 146 1607 
132 87 67 118 99 105 255 169 136 1607 
129 87 66 118 97 105 255 167 161 1645 
124 82 68 118 96 101 255 154 163 1748 
119 78 69 114 94 95 255 135 205 1398 
116 77 75 102 96 88 255 125 178 837 
121 73 82 96 101 84 255 118 184 729 
126 73 87 97 106 85 255 120 188 772 
133 74 91 104 112 87 255 125 206 926 
140 80 95 110 117 94 255 127 228 1107 
146 84 97 118 122 100 255 135 214 1340 
155 90 101 118 126 105 255 156 175 1300 
159 94 105 118 132 107 255 162 153 1165 
160 97 105 118 133 108 255 161 147 1043 
157 97 100 118 129 108 255 160 151 1079 
155 92 96 118 124 106 255 162 179 1292 
142 87 91 118 116 103 255 143 200 1346 
122 78 76 112 99 94 255 128 211 1201 
93 75 53 100 73 88 255 117 204 798 
78 77 43 98 60 87 255 109 172 614 
73 79 41 98 57 87 255 101 153 506 
80 75 50 92 64 83 255 94 142 439 
91 72 63 93 77 82 255 83 181 450 
108 75 81 91 94 82 255 83 124 344 
121 74 94 88 107 80 255 85 114 330 
130 74 103 89 116 81 255 87 129 356 
141 76 112 92 126 83 255 86 142 389 
146 76 118 93 132 84 255 92 131 407 
152 77 122 96 137 86 255 94 155 470 
156 78 124 98 140 87 255 100 160 524 
158 79 125 102 142 90 255 106 172 610 
159 81 122 104 140 92 255 114 188 721 
160 83 121 109 140 95 255 120 195 838 
162 86 121 113 141 99 255 125 195 921 
163 87 120 117 141 102 255 127 218 1041 
161 87 117 118 139 102 255 131 228 1173 
159 88 113 118 135 103 255 141 179 1249 
159 89 110 118 134 105 255 151 176 1255 
159 92 108 118 133 106 255 159 157 1232 
160 92 108 118 133 106 255 162 146 1182 
160 94 106 118 133 107 255 162 152 1175 
160 95 106 118 133 107 255 162 149 1127 
162 95 106 118 134 108 255 158 158 1092 
163 97 107 118 135 108 255 157 158 1039 
163 98 107 118 136 109 255 155 147 975 
164 99 107 118 136 110 255 152 133 911 
164 100 107 118 137 110 255 151 129 898 
165 100 108 118 137 110 255 148 130 857 
165 100 107 118 137 110 255 147 135 863 
166 101 108 118 137 110 255 148 127 848 
166 100 108 118 138 110 255 147 140 874 
166 101 109 118 138 110 255 147 130 851 
166 100 108 118 138 110 255 147 138 884 
164 97 107 118 136 109 255 155 141 1018 
162 93 109 118 136 107 255 162 150 1184 
161 88 113 118 137 103 255 149 177 1339 
160 83 116 115 137 98 255 133 217 1180 
152 78 110 106 130 92 255 125 209 961 
144 73 106 98 124 85 255 118 188 750 
144 69 109 90 126 79 255 108 174 618 
148 62 115 83 131 72 255 100 178 574 
149 56 118 76 134 65 255 97 185 542 
146 55 114 75 130 65 255 98 183 572 
133 57 97 79 116 67 255 104 207 645 
114 59 77 82 95 70 255 113 203 714 
102 63 63 90 82 76 255 115 216 817 
91 68 51 95 71 80 255 125 209 868 
83 69 41 98 61 83 255 127 223 996 
77 76 34 106 55 90 255 132 193 1112 
74 79 28 114 50 96 255 134 217 1299 
75 84 24 118 50 102 255 139 192 1418 
82 87 31 118 56 103 255 154 156 1420 
89 87 35 118 62 104 255 158 141 1468 
97 86 43 118 69 103 255 155 145 1512 
109 85 58 118 83 102 255 142 192 1461 
120 80 74 115 97 97 255 128 221 1251 
127 78 85 108 105 93 255 120 216 944 
127 77 91 99 109 87 255 113 172 668 
126 75 93 95 109 84 255 102 158 522 
125 73 95 89 110 80 255 92 143 424 
127 66 99 83 113 74 255 84 145 382 
124 61 98 76 111 68 255 78 126 336 
115 59 91 73 103 66 255 75 105 284 
100 56 76 70 88 63 255 71 118 278 
78 51 55 65 66 58 255 77 101 268 
67 47 44 60 55 53 255 69 104 247 
72 48 48 61 59 54 255 72 110 270 
83 51 58 66 70 59 255 74 123 313 
90 54 63 69 76 61 255 79 134 354 
99 57 71 75 84 66 255 83 173 423 
110 61 79 81 94 70 255 92 178 493 
116 64 82 86 98 74 255 105 169 564 
120 69 82 92 101 79 255 115 185 705 
127 72 85 100 105 85 255 124 221 925 
133 73 85 107 109 89 255 133 240 1266 
138 77 87 118 112 96 255 140 219 1573 
143 82 88 118 114 101 255 148 203 1697 
146 86 89 118 117 104 255 163 169 1562 
151 90 89 118 118 105 255 168 167 1470 
152 92 89 118 120 106 255 168 172 1417 
155 94 90 118 121 107 255 166 170 1341 
155 94 90 118 122 107 255 165 171 1297 
155 94 90 118 122 107 255 165 172 1327 
155 93 91 118 122 107 255 166 167 1342 
155 91 92 118 122 106 255 167 164 1393 
153 86 93 118 121 103 255 159 179 1662 
144 81 94 118 119 99 255 137 226 1468 
146 79 102 109 124 93 255 129 201 1049 
159 78 118 105 138 91 255 124 213 932 
168 82 127 111 147 96 255 123 220 985 
176 87 135 118 155 102 255 123 231 1085 
186 93 1 118 161 106 255 136 155 990 
186 99 154 118 171 109 255 144 75 561 
186 99 156 118 172 109 255 141 69 511 
186 97 146 118 166 108 255 147 104 774 
186 94 132 118 157 107 255 134 210 1074 
163 90 118 118 140 105 255 135 183 1092 
151 87 108 114 129 100 255 127 202 972 
141 84 102 108 121 96 255 117 206 796 
132 80 95 103 113 91 255 113 182 673 
120 76 83 97 101 86 255 116 163 645 
108 74 69 97 88 85 255 117 184 743 
98 72 57 99 77 86 255 123 214 915 
90 75 47 105 68 90 255 129 219 1045 
91 81 44 118 67 97 255 133 194 1230 
91 84 41 118 65 103 255 145 178 1414 
93 88 39 118 65 105 255 156 146 1374 
94 90 39 118 65 106 255 158 122 1314 
96 91 38 118 65 106 255 157 120 1280 
98 91 38 118 66 107 255 158 103 1266 
99 94 37 118 67 108 255 157 113 1202 
101 95 38 118 68 108 255 155 115 1141 
103 95 40 118 70 108 255 157 112 1187 
111 94 49 118 79 108 255 164 142 1249 
117 87 62 118 89 104 255 156 179 1468 
119 83 72 118 95 100 255 131 200 1283 
125 78 82 108 103 92 255 122 211 979 
124 75 86 98 105 86 255 113 187 700 
124 73 91 93 107 82 255 102 167 556 
125 72 95 89 110 80 255 93 156 466 
127 75 98 90 112 82 255 92 131 387 
129 80 101 95 114 87 255 89 128 367 
130 81 101 97 115 88 255 89 132 384 
132 81 102 99 117 89 255 92 144 426 
137 83 106 101 121 91 255 98 146 465 
142 84 109 103 125 93 255 103 153 525 
147 81 111 103 128 92 255 110 174 642 
151 83 113 107 132 94 255 117 190 777 
156 84 114 110 135 96 255 125 202 914 
159 86 115 115 136 100 255 128 218 1070 
160 88 115 118 138 103 255 135 191 1170 
163 89 115 118 138 104 255 146 170 1193 
164 90 115 118 139 105 255 154 173 1211 
168 93 118 118 143 107 255 158 149 1103 
168 94 117 118 143 107 255 158 155 1060 
171 96 118 118 145 108 255 155 146 1013 
183 97 120 118 147 109 255 147 164 956 
171 98 118 118 145 109 255 152 137 922 
171 98 116 118 143 109 255 151 139 920 
168 99 114 118 142 109 255 150 140 889 
165 100 109 118 137 110 255 148 139 879 
163 101 104 118 134 110 255 145 134 827 
163 102 104 118 134 111 255 139 134 759 
161 103 101 118 132 111 255 141 124 763 
161 103 100 118 131 111 255 139 137 774 
161 103 100 118 130 111 255 139 139 772 
160 102 97 118 129 111 255 140 140 805 
159 101 96 118 128 111 255 143 138 866 
158 101 95 118 127 110 255 147 145 928 
157 99 93 118 125 110 255 150 154 1011 
156 97 91 118 124 109 255 156 154 1106 
152 92 89 118 120 106 255 168 164 1408 
147 83 89 118 118 103 255 163 178 1703 
144 80 91 118 118 98 255 144 212 1710 
143 74 94 111 118 92 255 138 239 1431 
145 74 99 106 122 90 255 136 216 1232 
152 76 106 109 129 92 255 134 227 1258 
158 80 111 116 134 97 255 134 238 1371 
160 84 111 118 135 101 255 142 194 1470 
159 87 107 118 132 103 255 157 178 1466 
160 91 107 118 133 105 255 165 158 1319 
164 95 109 118 136 107 255 161 150 1144 
166 96 110 118 138 108 255 155 153 1020 
171 98 118 118 145 109 255 151 143 934 
184 95 122 118 148 108 255 150 188 1101 
166 90 118 118 141 105 255 148 174 1197 
156 83 113 113 134 98 255 132 210 1097 
149 78 109 103 128 90 255 122 198 842 
138 76 102 97 120 86 255 110 174 636 
126 74 93 93 109 82 255 100 160 521 
116 73 86 89 100 81 255 94 139 416 
103 73 76 89 89 80 255 87 130 375 
100 71 74 87 86 78 255 78 146 356 
102 70 78 84 89 76 255 78 114 294 
108 67 85 80 96 73 255 73 104 261 
112 67 90 79 101 72 255 68 94 230 
108 64 88 74 98 69 255 65 82 201 
109 64 90 74 99 68 255 59 71 175 
108 67 90 75 99 71 255 59 61 149 
110 64 93 73 101 68 255 57 67 156 
111 65 96 73 103 69 255 49 59 128 
111 64 97 71 104 67 255 48 45 109 
115 61 101 69 108 64 255 45 55 109 
117 61 103 68 110 64 255 40 50 106 
115 64 102 71 108 67 255 41 50 100 
108 63 95 70 101 66 255 41 45 94 
89 63 76 70 82 66 255 43 45 89 
68 61 55 68 61 64 255 39 49 99 
47 55 35 62 40 58 255 41 40 87 
32 54 21 60 26 57 255 35 38 79 
29 56 18 63 23 59 255 34 44 84 
39 59 27 65 32 61 255 38 43 87 
62 60 48 66 55 63 255 39 47 99 
93 61 79 68 86 64 255 40 60 105 
118 60 105 66 111 62 255 43 41 89 
136 60 123 67 129 63 255 39 48 97 
149 61 137 68 143 64 255 40 44 92 
157 62 144 69 150 65 255 37 48 96 
160 62 148 69 154 65 255 38 47 91 
151 63 138 70 144 66 255 39 49 99 
135 61 121 67 128 64 255 44 46 95 
114 58 100 65 107 61 255 44 50 100 
93 56 79 64 85 60 255 43 52 110 
74 55 60 63 67 59 255 42 51 111 
56 57 43 64 49 60 255 45 47 104 
56 59 41 66 48 62 255 42 52 109 
76 60 60 68 68 64 255 43 61 123 
101 57 85 65 93 60 255 47 58 125 
124 55 108 62 116 58 255 47 53 119 
140 55 125 63 132 59 255 45 59 117 
149 57 134 65 141 60 255 45 60 124 
153 57 138 65 145 61 255 44 63 123 
143 58 128 66 135 62 255 47 61 126 
131 59 114 66 122 62 255 51 52 123 
117 58 101 66 109 62 255 49 63 135 
104 58 88 66 96 62 255 52 62 135 
