89 31 83 36 86 33 201 12 25 40 
89 31 83 36 86 33 201 12 24 40 
89 31 83 36 86 33 202 12 25 40 
89 31 83 36 86 33 202 12 25 40 
89 31 83 36 86 33 202 12 25 40 
89 31 83 36 86 33 215 12 25 40 
81 32 74 37 77 34 143 12 28 46 
52 35 43 40 47 37 126 9 31 54 
31 40 25 45 27 42 186 12 29 41 
28 40 23 45 25 42 150 10 21 36 
29 40 23 45 26 42 116 9 26 41 
29 40 23 45 26 42 135 10 24 39 
29 40 23 45 26 42 109 9 24 41 
29 40 23 45 26 42 108 9 24 41 
29 40 23 45 26 42 103 10 22 37 
29 40 23 45 26 42 104 9 24 41 
29 40 23 45 26 42 187 9 26 41 
29 40 23 45 26 42 112 9 24 41 
29 40 23 45 26 42 147 9 26 41 
33 38 27 43 29 40 230 12 22 36 
49 35 42 40 45 37 191 12 27 46 
75 33 67 37 71 35 215 17 27 45 
97 32 90 36 93 34 215 16 24 40 
110 32 103 37 106 34 149 10 28 46 
120 32 113 37 116 34 186 11 30 45 
128 33 122 38 125 35 111 10 26 42 
132 34 126 38 129 36 255 15 20 35 
133 34 127 39 130 36 238 15 23 36 
131 34 124 39 127 36 176 11 27 42 
123 34 117 39 120 36 237 15 22 37 
113 37 106 42 109 39 151 13 26 46 
96 42 89 46 92 44 236 18 22 40 
78 45 71 50 74 47 124 11 29 46 
64 46 57 51 60 48 225 13 28 45 
58 47 52 52 55 49 224 12 25 40 
62 47 56 52 58 49 193 12 23 41 
72 49 65 54 68 51 164 12 27 45 
89 42 83 48 86 45 196 14 29 47 
103 37 97 42 100 39 131 12 25 42 
117 35 110 40 113 37 145 12 28 46 
129 36 122 40 125 38 255 16 22 37 
135 37 129 42 131 39 197 12 25 41 
134 37 128 42 131 39 177 13 24 41 
129 36 122 41 125 38 247 14 28 46 
118 34 112 39 115 36 247 16 24 40 
106 32 99 37 102 34 150 13 29 47 
91 32 84 37 87 34 161 14 25 43 
77 33 69 37 73 35 255 17 26 45 
64 34 57 39 60 36 202 14 28 46 
59 35 52 40 55 37 255 14 29 45 
65 34 58 39 61 36 255 17 29 45 
78 33 71 37 74 35 254 20 22 40 
94 33 86 37 90 35 255 21 25 45 
111 34 103 39 106 36 255 17 30 48 
121 34 114 39 117 36 255 18 28 46 
129 37 122 42 125 39 132 14 27 47 
132 36 125 41 128 38 255 17 26 47 
128 36 121 41 124 38 237 17 27 47 
121 35 114 40 117 37 255 19 26 46 
110 35 103 40 106 37 234 17 28 47 
100 35 93 40 96 37 227 18 25 46 
89 34 82 39 85 36 144 17 25 47 
75 35 68 40 71 37 187 20 24 47 
61 36 53 41 57 38 204 16 32 52 
54 37 47 42 50 39 226 17 26 46 
63 35 55 40 59 37 144 17 27 53 
92 34 83 38 87 36 255 27 26 50 
113 34 106 39 109 36 179 19 25 48 
126 35 119 40 122 37 220 19 25 47 
136 36 129 41 132 38 179 18 25 47 
135 36 128 41 131 38 249 19 26 47 
125 34 116 40 120 36 255 20 34 56 
99 34 90 39 94 36 231 20 31 57 
84 36 76 41 79 38 154 18 31 53 
70 35 63 40 66 37 178 19 25 48 
58 36 50 42 53 39 255 18 33 52 
48 38 41 43 44 40 249 20 27 47 
43 39 36 44 39 41 244 19 25 47 
43 39 35 44 38 41 252 18 29 51 
39 40 32 45 35 42 244 20 25 47 
36 41 29 46 32 43 249 20 26 46 
34 41 27 46 30 43 237 19 29 47 
34 41 27 46 30 43 240 18 26 47 
38 40 31 45 34 42 255 20 26 47 
47 39 39 44 43 41 255 21 30 52 
58 38 49 43 53 40 255 22 28 52 
77 37 68 43 72 40 255 21 32 54 
94 34 86 39 90 36 255 24 28 50 
96 34 89 39 92 36 255 23 26 48 
95 34 87 39 91 36 255 21 30 52 
103 34 94 39 98 36 161 21 32 58 
123 35 113 41 117 38 255 23 40 64 
146 38 138 44 141 40 255 21 29 54 
161 42 153 47 157 44 234 22 29 52 
172 45 165 51 168 48 255 17 31 53 
172 45 165 51 168 48 255 18 30 52 
163 43 155 48 159 45 216 23 27 52 
146 39 138 44 142 41 255 22 27 48 
125 35 116 41 120 37 255 22 36 63 
98 34 88 40 92 37 255 22 38 66 
80 35 71 40 75 37 255 24 30 55 
69 36 60 41 64 38 255 23 30 57 
55 38 47 43 51 40 255 24 27 52 
48 39 40 44 44 41 228 22 29 53 
51 39 42 44 46 41 255 23 30 57 
67 36 57 41 61 38 236 24 35 63 
84 35 75 40 79 37 255 27 30 56 
103 36 93 41 98 38 255 25 35 64 
119 36 110 42 114 39 255 22 36 60 
140 39 131 45 135 41 255 24 34 63 
158 42 150 47 153 44 253 23 27 51 
165 45 157 50 161 47 254 22 30 53 
167 45 159 50 163 47 255 22 28 52 
160 43 151 49 155 46 255 21 36 63 
139 38 130 44 134 41 255 24 34 65 
115 36 105 42 110 39 255 22 39 65 
93 35 85 40 89 37 252 29 27 54 
87 35 79 41 83 38 255 25 35 60 
85 39 77 45 81 42 255 30 30 56 
83 42 74 48 78 45 255 29 33 67 
85 36 76 42 80 38 255 24 35 65 
84 40 76 45 80 42 255 31 27 54 
77 36 67 42 72 38 255 24 41 71 
69 41 60 47 64 44 255 26 34 66 
60 45 51 50 55 47 255 31 30 59 
59 38 50 44 54 40 255 30 34 64 
64 37 55 43 59 40 255 25 34 65 
83 36 72 41 77 38 255 33 36 69 
104 36 94 42 99 38 255 30 37 72 
126 37 116 43 120 39 255 28 37 73 
140 38 130 44 134 41 255 31 35 66 
145 40 136 46 140 42 255 29 35 65 
143 40 133 46 138 43 255 30 38 71 
126 43 115 49 120 46 255 29 41 78 
110 46 100 52 105 49 255 30 38 73 
92 46 81 52 86 48 255 32 40 77 
77 45 67 52 72 48 255 33 39 72 
67 50 56 56 61 53 255 28 39 77 
55 51 45 57 50 53 255 35 39 70 
46 51 35 57 40 54 255 32 41 75 
33 50 23 57 27 53 255 30 44 77 
36 48 25 55 30 51 255 30 45 83 
54 43 42 49 48 45 255 33 42 81 
77 40 65 46 71 43 255 40 39 85 
97 37 85 43 91 39 255 33 42 85 
116 38 104 45 110 41 255 39 45 84 
135 39 124 45 129 41 255 36 41 81 
147 41 135 47 140 43 255 35 40 81 
160 44 150 51 155 47 255 33 38 78 
160 47 149 53 154 50 255 37 38 79 
140 43 128 49 134 46 255 37 42 85 
117 43 105 49 111 46 255 38 39 82 
98 47 85 54 91 50 255 38 49 97 
86 47 73 54 79 50 255 35 53 98 
78 48 66 55 72 51 255 36 49 93 
82 46 69 53 75 49 255 37 44 93 
94 45 81 52 87 48 255 40 47 100 
107 46 94 53 100 49 255 41 50 101 
122 46 109 53 115 49 255 45 44 91 
136 44 123 51 129 47 255 41 50 100 
148 43 135 50 141 46 255 40 50 101 
151 43 137 50 144 46 255 39 49 103 
148 43 135 50 141 46 255 42 45 96 
141 42 127 49 134 45 255 42 48 107 
128 40 114 47 120 43 255 45 49 108 
115 39 100 46 107 42 255 46 50 116 
106 39 90 46 98 42 255 47 54 120 
95 39 80 47 87 43 255 45 63 126 
83 40 68 47 75 43 255 50 49 117 
73 42 57 50 64 45 255 46 61 128 
63 43 47 51 54 46 255 47 63 131 
59 43 43 51 50 47 255 50 57 133 
62 43 45 52 53 47 255 48 69 146 
70 43 53 51 61 47 255 55 60 144 
93 41 74 50 83 46 255 59 67 161 
121 46 102 55 111 50 255 59 69 170 
142 47 123 56 132 51 255 58 73 172 
151 50 132 60 141 55 255 60 72 174 
161 51 143 62 152 56 255 63 69 174 
164 52 146 62 155 56 255 61 69 175 
