107 52 86 63 96 58 255 67 87 199 
105 62 85 72 95 67 255 64 84 198 
104 64 84 74 94 68 255 69 81 195 
105 66 84 77 94 71 255 63 86 208 
105 65 85 76 95 71 255 66 84 200 
105 64 84 75 94 69 255 66 82 201 
105 57 84 69 94 63 255 68 95 225 
103 43 82 57 92 50 255 70 102 247 
96 46 74 58 85 52 255 69 100 239 
84 43 62 56 73 49 255 69 104 248 
70 46 47 59 58 52 255 69 99 249 
60 48 38 61 48 54 255 72 94 243 
61 48 38 60 49 54 255 73 101 255 
59 49 37 61 47 55 255 75 88 246 
60 49 37 61 47 54 255 73 94 254 
60 48 37 61 47 54 255 73 101 260 
59 48 37 61 47 54 255 76 89 245 
67 48 43 61 54 54 255 77 104 270 
93 43 67 59 79 51 255 76 136 321 
117 45 90 60 103 52 255 78 133 342 
139 48 113 63 126 55 255 82 119 316 
154 52 129 67 142 59 255 80 132 341 
157 52 131 68 144 60 255 82 132 352 
146 51 118 68 132 60 255 87 144 392 
132 49 101 67 116 58 255 91 156 459 
114 54 82 72 98 63 255 99 169 509 
107 58 74 79 90 68 255 98 200 570 
107 53 72 75 89 64 255 110 184 620 
118 55 81 78 99 66 255 112 192 692 
136 54 97 78 117 66 255 116 202 762 
149 58 109 83 129 70 255 116 229 824 
159 62 121 89 140 75 255 119 229 874 
160 65 121 92 141 78 255 122 229 930 
167 68 128 96 148 81 255 122 230 964 
172 68 131 98 150 82 255 122 238 977 
171 69 131 98 151 82 255 122 233 984 
164 66 122 96 142 80 255 126 241 1036 
152 63 106 94 128 78 255 130 236 1105 
133 60 85 94 109 77 255 132 240 1246 
106 61 58 97 82 78 255 134 248 1341 
94 63 45 98 69 80 255 136 239 1300 
84 66 36 100 60 82 255 137 242 1321 
75 69 28 104 51 86 255 138 210 1361 
71 71 22 108 46 89 255 137 203 1415 
71 71 21 110 46 90 255 138 207 1509 
77 71 25 112 51 91 255 140 209 1618 
87 70 34 113 60 90 255 141 234 1740 
106 64 52 112 78 88 255 137 257 1838 
128 72 77 114 103 92 255 134 258 1632 
138 79 90 115 114 96 255 136 218 1339 
142 82 93 118 117 98 255 136 218 1366 
145 84 96 118 120 100 255 137 215 1395 
146 84 96 118 121 101 255 139 211 1441 
144 83 96 118 120 101 255 136 223 1383 
145 79 98 111 121 95 255 135 218 1252 
151 78 108 106 130 92 255 130 206 1022 
162 75 119 104 140 89 255 129 224 1016 
160 78 117 108 138 92 255 131 219 1063 
160 81 116 113 137 97 255 133 218 1126 
158 83 112 118 135 100 255 134 224 1299 
156 85 106 118 130 102 255 140 203 1432 
154 85 98 118 124 102 255 148 196 1535 
154 84 92 118 119 103 255 154 196 1569 
156 84 95 118 122 102 255 150 202 1595 
147 83 98 118 123 100 255 138 211 1403 
141 77 97 107 119 92 255 131 211 1081 
131 71 91 97 110 83 255 124 189 823 
115 68 77 93 95 79 255 115 201 737 
91 65 54 90 72 77 255 113 207 704 
69 70 32 93 50 81 255 116 181 712 
58 75 22 99 39 86 255 117 188 740 
55 79 18 104 36 91 255 119 179 788 
57 81 18 108 37 94 255 124 193 876 
61 83 20 111 40 96 255 127 207 969 
74 81 31 110 52 95 255 131 189 1026 
92 77 48 105 69 91 255 128 226 1026 
116 74 75 99 95 85 255 126 192 854 
121 67 84 93 102 78 255 116 193 711 
120 64 86 84 103 74 255 107 172 571 
125 63 93 83 109 72 255 97 177 520 
137 64 104 83 120 73 255 98 166 502 
148 66 116 85 132 75 255 102 167 528 
156 71 123 91 139 81 255 107 162 598 
160 74 124 96 141 84 255 112 186 690 
161 75 123 103 141 89 255 119 200 826 
166 81 124 109 144 95 255 124 210 944 
170 85 127 118 147 100 255 126 231 1078 
169 86 126 118 147 102 255 132 222 1174 
167 87 122 118 144 102 255 136 212 1219 
161 85 116 118 138 101 255 132 234 1212 
154 82 111 111 132 96 255 131 210 1033 
148 79 107 103 127 91 255 123 187 843 
141 74 104 96 122 84 255 115 172 665 
138 73 105 92 121 82 255 101 164 523 
137 68 108 85 122 76 255 90 153 424 
136 67 110 83 123 74 255 83 129 349 
138 63 114 77 125 70 255 76 113 291 
150 62 128 74 139 68 255 74 92 246 
162 62 140 74 151 67 255 72 87 238 
178 64 158 76 167 69 255 71 84 226 
186 68 169 80 177 73 255 74 67 199 
186 69 171 82 179 74 255 79 61 183 
186 65 168 79 177 71 255 72 84 224 
179 60 157 75 168 67 255 76 96 265 
161 53 136 67 148 60 255 79 115 309 
138 48 111 63 125 55 255 81 136 353 
115 46 87 62 101 54 255 83 148 370 
96 44 68 61 81 53 255 79 166 390 
92 45 65 61 78 53 255 82 136 345 
109 46 82 62 95 53 255 81 139 348 
130 52 105 66 117 59 255 78 109 289 
143 56 120 70 131 63 255 74 104 264 
144 58 122 70 133 64 255 76 94 252 
144 59 121 72 132 65 255 73 112 267 
144 61 121 74 132 67 255 74 108 265 
146 62 123 75 134 68 255 77 105 278 
148 63 123 77 135 69 255 79 111 294 
147 60 122 75 134 67 255 80 126 334 
146 61 120 77 133 68 255 86 120 352 
146 58 119 75 133 66 255 88 149 414 
149 59 120 77 134 68 255 93 162 459 
150 56 118 77 134 66 255 97 184 543 
152 56 119 78 136 67 255 104 189 609 
155 59 121 81 138 69 255 109 188 660 
160 61 125 86 143 73 255 112 211 753 
166 66 130 93 148 79 255 117 211 807 
173 71 135 99 154 84 255 119 227 887 
174 73 134 102 153 87 255 121 233 963 
174 74 133 105 153 89 255 124 233 1020 
171 74 129 106 149 89 255 126 249 1110 
169 72 124 106 146 88 255 131 252 1242 
169 72 121 108 144 89 255 135 237 1401 
166 72 116 111 141 91 255 137 253 1573 
167 75 114 115 139 94 255 139 243 1739 
167 76 113 118 139 97 255 141 243 1876 
170 78 114 118 141 99 255 147 190 1859 
170 80 115 118 141 101 255 153 192 1735 
169 82 113 118 140 101 255 156 193 1746 
171 84 111 118 138 102 255 160 192 1697 
169 85 110 118 138 103 255 164 181 1665 
168 86 109 118 137 103 255 165 180 1639 
168 87 108 118 137 104 255 165 177 1573 
167 89 109 118 138 105 255 165 171 1477 
168 90 110 118 139 106 255 161 186 1377 
169 92 112 118 141 107 255 159 164 1239 
170 93 112 118 141 107 255 156 169 1192 
170 94 113 118 142 107 255 153 161 1118 
170 95 112 118 142 108 255 152 164 1093 
170 96 113 118 142 108 255 151 159 1053 
171 94 113 118 142 107 255 155 169 1153 
166 88 112 118 138 105 255 162 172 1365 
160 86 112 118 136 102 255 143 191 1356 
156 80 113 111 134 96 255 132 206 1045 
152 78 113 103 132 90 255 119 201 800 
144 72 109 95 126 84 255 111 182 630 
132 74 99 93 115 83 255 102 162 530 
117 70 86 87 102 78 255 101 133 438 
109 66 80 83 94 74 255 92 145 406 
110 62 82 80 95 70 255 86 151 385 
116 61 90 78 103 69 255 84 129 348 
125 58 98 73 111 65 255 87 117 335 
131 55 104 71 117 63 255 85 121 335 
133 54 106 71 119 62 255 82 134 346 
