81 54 68 61 74 57 255 46 46 104 
81 57 67 65 73 61 255 43 60 114 
90 57 75 65 82 60 255 46 53 116 
106 60 91 68 98 63 255 46 59 117 
112 58 97 65 104 61 255 49 48 115 
110 58 94 66 101 61 255 50 53 115 
124 55 107 62 115 58 255 52 56 131 
132 50 116 58 124 54 255 51 60 133 
124 51 107 59 115 55 255 51 65 141 
105 49 87 58 95 54 255 55 72 152 
81 51 63 60 71 55 255 55 78 162 
70 50 52 60 61 55 255 56 71 157 
84 45 65 55 74 50 255 60 70 165 
111 42 91 52 100 47 255 59 77 179 
130 46 111 56 120 51 255 59 76 175 
146 56 127 66 136 61 255 60 75 179 
146 67 127 78 136 72 255 64 72 182 
133 72 112 82 122 77 255 63 85 197 
113 71 91 82 101 76 255 66 84 206 
99 69 78 81 88 75 255 66 94 222 
110 71 88 82 98 76 255 66 91 218 
129 67 107 79 117 72 255 69 96 234 
144 62 122 75 133 68 255 70 104 254 
145 60 122 74 133 66 255 72 112 280 
141 61 117 76 129 68 255 76 129 307 
133 60 107 76 120 67 255 78 137 340 
136 63 110 79 123 71 255 84 136 368 
140 71 113 87 126 79 255 88 136 380 
145 73 115 91 130 82 255 94 148 444 
151 78 119 97 134 87 255 101 151 512 
147 78 112 100 129 89 255 104 181 616 
132 75 94 97 113 85 255 114 176 668 
122 76 85 97 104 86 255 114 171 663 
111 74 76 96 93 85 255 109 169 609 
103 70 71 91 86 80 255 102 174 561 
101 68 72 87 86 77 255 94 158 456 
106 66 79 82 92 74 255 83 138 354 
118 64 93 76 105 70 255 78 108 288 
136 56 112 70 124 63 255 72 107 268 
150 61 127 74 138 67 255 74 108 270 
156 68 132 82 144 74 255 76 112 289 
150 72 125 87 137 79 255 84 110 319 
127 68 95 86 110 76 255 92 158 443 
98 64 65 86 81 74 255 99 185 549 
92 67 57 92 74 78 255 106 209 646 
110 71 72 94 90 82 255 114 199 730 
131 73 91 99 111 86 255 122 185 826 
147 74 105 103 125 88 255 127 195 965 
151 78 107 108 129 92 255 132 192 1101 
153 78 108 111 131 95 255 132 217 1225 
153 81 108 113 131 96 255 133 204 1180 
153 81 110 109 131 95 255 129 210 1048 
157 79 117 106 137 92 255 120 198 837 
155 74 119 97 137 86 255 111 191 700 
139 68 104 90 121 79 255 109 175 612 
116 61 80 85 98 72 255 111 186 643 
108 60 69 85 88 72 255 119 211 823 
116 69 73 100 94 83 255 129 198 1016 
126 73 77 115 101 92 255 134 213 1507 
129 78 73 118 101 99 255 147 177 1852 
135 82 74 118 104 102 255 163 159 1811 
138 85 76 118 107 103 255 167 153 1727 
138 81 81 118 109 101 255 155 179 1807 
140 79 93 112 116 95 255 134 211 1270 
154 69 111 95 130 81 255 119 212 879 
160 67 124 91 142 78 255 111 209 739 
160 73 121 98 140 85 255 117 201 801 
159 81 117 110 138 95 255 127 212 1005 
163 88 116 118 139 104 255 143 179 1219 
165 90 114 118 139 105 255 156 164 1219 
154 88 100 118 126 104 255 151 201 1403 
133 82 86 118 109 100 255 129 225 1328 
128 77 88 107 107 91 255 120 204 898 
133 70 99 91 115 80 255 107 168 600 
146 56 115 75 130 65 255 94 169 500 
159 54 131 72 145 62 255 86 158 427 
157 54 129 72 144 63 255 92 145 436 
131 51 94 72 113 61 255 101 195 605 
90 52 53 76 70 64 255 108 210 703 
66 59 27 81 47 69 255 108 199 700 
68 58 30 81 49 69 255 108 223 736 
107 52 67 75 86 64 255 113 198 770 
143 53 107 75 125 64 255 102 220 668 
167 59 137 80 152 69 255 98 167 518 
181 67 154 88 168 76 255 92 158 483 
185 69 157 91 170 79 255 93 167 519 
181 68 149 91 164 78 255 98 189 619 
166 64 129 89 147 75 255 110 215 778 
152 59 108 89 129 74 255 122 244 1001 
136 61 89 94 112 77 255 132 239 1225 
125 61 75 101 100 81 255 136 254 1567 
120 62 66 110 93 87 255 138 265 1927 
122 63 64 118 93 92 255 138 256 2245 
125 65 67 118 96 93 255 137 262 2231 
125 76 74 115 100 95 255 135 201 1601 
128 76 83 107 105 91 255 127 209 1097 
129 75 90 99 109 86 255 120 199 815 
129 72 93 93 110 82 255 113 167 646 
127 68 93 90 110 78 255 104 181 587 
130 65 95 87 112 75 255 105 180 596 
136 68 100 92 118 79 255 110 184 668 
145 72 106 97 125 84 255 118 197 795 
152 76 110 104 131 89 255 125 215 977 
157 82 113 112 135 96 255 132 213 1153 
160 85 111 118 135 101 255 136 221 1377 
160 87 109 118 134 103 255 149 182 1376 
159 87 107 118 132 103 255 154 175 1440 
158 89 105 118 131 104 255 159 176 1388 
159 90 104 118 131 105 255 163 169 1391 
160 92 103 118 131 107 255 161 162 1246 
162 96 103 118 133 108 255 155 155 1108 
163 96 103 118 133 108 255 152 156 1066 
160 97 100 118 130 108 255 155 157 1095 
155 92 96 118 124 106 255 160 177 1299 
143 83 93 118 118 101 255 139 201 1530 
134 78 92 105 113 91 255 128 194 954 
133 73 96 95 114 83 255 115 180 707 
133 70 100 90 116 79 255 103 168 550 
131 66 102 84 116 75 255 95 144 438 
133 66 106 83 119 73 255 84 123 347 
137 62 112 77 125 69 255 76 127 318 
146 59 123 73 134 66 255 75 108 281 
158 61 135 74 146 67 255 76 98 264 
168 63 145 76 156 69 255 75 100 269 
170 66 148 79 159 72 255 80 98 273 
173 68 150 83 161 75 255 79 112 301 
171 67 147 82 159 74 255 84 113 325 
161 65 134 81 148 73 255 89 126 387 
150 64 120 83 135 73 255 95 152 473 
138 66 103 86 120 76 255 103 192 602 
123 68 85 92 103 80 255 116 191 741 
114 75 72 101 92 88 255 126 194 907 
113 80 67 111 89 95 255 131 195 1140 
122 83 72 118 97 101 255 135 199 1407 
132 87 79 118 105 104 255 146 194 1394 
141 92 88 118 114 106 255 157 167 1202 
154 95 93 118 121 108 255 157 170 1150 
155 95 95 118 125 108 255 160 152 1156 
157 96 98 118 127 108 255 159 158 1128 
157 94 99 118 128 107 255 159 167 1179 
155 90 96 118 124 105 255 158 179 1357 
145 83 97 118 121 100 255 134 223 1371 
144 76 104 101 124 88 255 125 183 868 
145 70 109 94 127 82 255 110 187 675 
149 67 116 87 132 76 255 98 177 551 
151 64 120 83 135 73 255 92 157 476 
150 68 120 86 135 77 255 94 165 477 
152 73 118 92 134 82 255 102 173 558 
147 76 110 100 128 87 255 114 188 740 
147 82 105 109 126 95 255 127 196 960 
152 85 105 118 128 100 255 133 206 1237 
152 86 102 118 126 102 255 137 207 1355 
141 82 93 117 117 98 255 134 213 1301 
120 75 76 103 98 88 255 130 188 1015 
96 67 55 94 75 79 255 118 218 867 
75 61 37 84 55 72 255 113 207 755 
70 65 33 89 51 77 255 112 214 756 
67 72 27 97 47 84 255 118 204 809 
70 81 30 108 50 93 255 125 190 892 
81 85 37 118 58 101 255 130 202 1151 
87 88 39 118 62 104 255 145 179 1281 
89 88 37 118 62 105 255 153 162 1311 
93 88 42 118 67 104 255 152 149 1353 
108 88 59 118 83 103 255 137 205 1270 
123 81 79 113 101 96 255 123 212 1083 
131 79 93 102 111 90 255 117 194 735 
132 73 98 94 115 83 255 103 181 590 
122 70 91 89 106 78 255 97 145 455 
102 64 72 81 86 72 255 87 161 427 
77 64 50 80 63 71 255 84 137 357 
65 66 38 81 51 73 255 84 131 360 
58 70 32 86 44 78 255 89 123 356 
59 74 32 91 45 82 255 90 134 381 
70 80 41 97 55 87 255 92 142 411 
88 73 55 93 71 83 255 100 165 521 
110 74 75 94 92 84 255 107 173 585 
131 72 94 95 113 83 255 112 196 704 
142 78 102 102 122 90 255 121 187 791 
148 78 105 106 126 92 255 129 192 1014 
151 72 102 108 126 89 255 137 231 1401 
152 69 100 110 126 89 255 140 237 1686 
150 69 98 107 123 87 255 141 225 1581 
136 60 85 98 109 79 255 134 242 1391 
118 55 74 88 96 72 255 124 250 1093 
114 50 75 80 94 67 255 121 182 847 
114 51 77 74 95 63 255 112 183 720 
125 51 87 72 105 62 255 105 207 649 
134 53 99 75 117 63 255 106 206 653 
147 55 108 79 126 66 255 108 224 731 
151 58 111 85 131 71 255 116 229 846 
160 63 118 92 138 77 255 121 236 989 
164 68 120 100 141 83 255 128 240 1135 
165 70 118 105 140 87 255 132 242 1339 
167 72 118 111 142 91 255 134 255 1516 
168 75 119 115 143 95 255 135 250 1660 
169 77 119 118 143 98 255 137 244 1752 
169 78 118 118 143 99 255 140 218 1775 
169 80 118 118 142 100 255 142 203 1672 
162 76 109 118 135 96 255 136 233 1753 
147 68 94 106 119 86 255 136 232 1428 
115 56 71 88 93 71 255 125 223 1022 
103 54 80 68 91 61 255 70 118 270 
120 59 94 74 107 66 255 77 143 348 
119 68 90 85 104 76 255 91 137 413 
128 72 94 92 110 81 255 104 170 567 
141 77 102 100 121 88 255 116 189 746 
144 80 101 107 122 93 255 127 197 979 
150 83 104 114 127 97 255 132 207 1200 
154 84 105 118 129 101 255 135 213 1393 
157 86 105 118 130 102 255 143 188 1432 
158 87 108 118 133 103 255 149 186 1399 
162 89 111 118 136 104 255 154 173 1359 
164 89 112 118 137 105 255 158 171 1340 
163 92 108 118 135 106 255 161 161 1280 