109 55 94 63 101 59 255 49 57 118 
111 55 96 63 103 58 255 47 55 120 
111 55 96 63 103 59 255 45 63 123 
107 56 92 63 99 59 255 43 55 116 
94 55 80 63 86 58 255 46 54 114 
83 53 69 60 75 56 255 44 50 108 
75 52 61 59 67 55 255 42 55 109 
67 48 54 55 60 51 255 44 45 103 
72 47 58 54 64 50 255 41 52 108 
85 52 71 59 78 55 255 48 48 110 
98 55 84 63 90 59 255 43 55 113 
107 54 92 62 99 58 255 43 55 113 
100 54 86 62 92 58 255 48 53 115 
100 57 85 66 92 61 255 48 57 126 
104 60 87 68 95 63 255 53 59 132 
111 61 94 70 102 65 255 59 63 148 
124 59 105 69 114 64 255 60 73 176 
135 57 114 69 124 63 255 63 100 223 
143 58 120 70 131 64 255 69 113 263 
145 60 120 75 132 67 255 77 119 308 
145 62 119 79 132 70 255 80 148 379 
145 65 116 83 131 73 255 90 154 447 
149 68 117 88 132 78 255 100 155 522 
157 72 122 94 139 83 255 107 174 630 
162 76 126 100 144 87 255 114 189 743 
161 77 122 104 141 90 255 120 206 871 
159 80 117 111 137 95 255 128 216 1054 
157 84 111 118 134 101 255 133 230 1345 
159 89 108 118 133 104 255 153 176 1326 
158 92 103 118 130 106 255 159 167 1239 
155 95 96 118 126 107 255 157 167 1189 
154 95 92 118 122 108 255 158 169 1213 
154 94 93 118 123 107 255 158 168 1242 
154 89 101 118 128 105 255 156 175 1350 
169 86 123 118 145 102 255 135 213 1262 
186 88 143 118 164 103 255 117 224 1139 
186 90 158 118 172 104 255 133 110 745 
186 91 161 118 174 105 255 133 97 655 
186 89 152 118 169 103 255 122 146 906 
177 85 135 117 155 99 255 119 230 1023 
156 79 111 109 132 94 255 128 214 1078 
136 76 89 110 112 92 255 131 207 1216 
114 79 66 111 90 94 255 134 211 1264 
88 79 41 114 64 95 255 134 193 1280 
72 82 28 114 49 97 255 131 199 1180 
65 84 23 114 43 98 255 130 211 1078 
77 84 32 116 54 99 255 129 204 1112 
101 82 57 111 78 96 255 127 197 996 
114 79 74 104 94 90 255 119 192 817 
125 73 89 95 107 84 255 110 171 633 
137 73 104 90 120 81 255 98 159 511 
146 71 117 89 131 79 255 90 141 412 
151 69 124 86 138 77 255 86 122 357 
156 68 130 84 143 76 255 80 124 332 
159 70 135 84 147 76 255 79 109 304 
166 71 143 86 155 78 255 79 102 291 
167 71 143 86 155 78 255 79 101 286 
167 71 144 85 155 77 255 79 108 290 
156 71 131 84 143 77 255 80 107 305 
126 66 97 82 111 73 255 83 134 361 
88 67 60 82 74 74 255 83 129 351 
55 69 28 84 41 76 255 83 126 345 
30 73 8 88 18 79 255 81 106 300 
31 74 8 88 18 80 255 79 118 307 
47 72 20 87 32 79 255 81 135 351 
87 72 57 87 71 78 255 85 139 383 
128 67 99 84 114 75 255 87 142 383 
147 67 120 84 134 75 255 84 140 386 
155 68 128 84 141 75 255 88 131 378 
157 70 130 86 143 77 255 86 121 356 
156 67 130 83 143 74 255 81 131 352 
153 66 129 80 141 73 255 78 111 308 
147 62 123 76 135 69 255 73 117 290 
143 59 120 72 131 65 255 70 104 253 
139 58 117 70 127 64 255 67 92 225 
132 54 112 64 122 59 255 66 79 197 
129 57 110 67 119 62 255 60 79 179 
127 59 109 68 117 63 255 58 69 161 
125 56 108 65 116 60 255 54 72 152 
127 57 111 65 119 60 255 54 58 135 
124 57 108 65 116 61 255 51 61 133 
118 59 102 67 110 62 255 50 56 124 
113 58 98 66 105 62 255 46 57 119 
111 56 97 64 104 60 255 47 55 114 
108 55 94 62 100 58 255 44 50 102 
108 59 95 66 101 62 255 41 50 94 
111 60 98 66 104 63 255 39 43 90 
111 62 99 69 104 65 255 35 46 89 
110 65 98 72 104 68 255 35 41 83 
105 63 94 70 99 66 255 39 40 84 
102 54 91 61 96 57 255 34 47 85 
98 50 87 56 92 52 255 34 41 77 
97 48 88 55 92 51 255 32 36 70 
97 48 86 54 91 51 255 30 38 73 
95 49 84 55 89 52 255 28 37 73 
93 50 83 56 87 53 255 27 36 71 
93 48 84 55 88 51 255 30 41 69 
93 47 84 53 88 50 255 27 33 64 
81 47 71 53 75 49 255 28 37 67 
65 49 56 55 60 51 255 25 37 66 
61 52 52 58 56 55 255 24 37 65 
55 54 46 60 50 56 254 29 36 64 
57 54 47 60 51 57 255 26 37 71 
70 51 60 57 64 54 255 28 36 72 
81 51 70 57 75 53 255 32 42 77 
91 53 80 59 85 55 255 32 40 77 
103 54 92 61 97 57 255 37 46 85 
123 55 111 61 117 57 255 37 43 85 
134 56 123 63 128 59 255 37 38 81 
139 57 127 63 133 60 255 37 43 85 
140 57 129 63 134 59 255 37 38 79 
139 58 128 64 133 61 255 34 39 79 
136 58 125 64 130 60 255 37 39 78 
129 56 118 62 123 58 255 37 39 77 
123 53 112 59 117 55 255 35 37 77 
116 51 105 57 110 53 255 32 37 72 
111 52 100 58 105 54 255 32 36 73 
103 52 92 58 97 55 255 28 39 77 
97 51 87 57 91 54 255 29 37 72 
95 50 85 56 90 53 255 28 39 73 
93 49 83 55 88 52 255 28 39 72 
91 48 81 54 85 51 255 28 36 71 
85 48 75 54 79 50 255 27 40 72 
81 48 72 54 76 51 255 28 34 66 
75 49 65 55 70 51 255 31 37 67 
70 48 60 54 64 50 255 30 35 66 
65 51 55 57 60 53 255 28 36 70 
61 52 51 58 56 54 255 33 37 69 
58 53 48 59 52 55 255 34 36 71 
57 54 47 61 52 57 255 30 40 76 
57 56 47 63 51 59 255 32 40 78 
52 55 41 61 46 57 255 34 43 78 
52 57 40 63 45 60 255 32 43 84 
49 57 37 64 43 60 255 36 43 84 
45 59 32 66 38 62 255 32 48 95 
49 58 36 65 42 61 255 37 52 98 
56 55 43 62 49 58 255 42 49 101 
54 55 40 62 47 58 255 43 49 106 
50 57 35 64 42 60 255 46 51 112 
51 56 35 64 43 60 255 48 58 126 
52 58 36 67 43 63 255 51 57 138 
60 58 42 67 50 62 255 58 70 160 
73 57 53 67 62 62 255 63 76 188 
85 59 62 70 73 64 255 70 95 236 
93 62 70 77 81 68 255 74 105 272 
105 64 79 80 92 71 255 80 130 340 
120 69 92 85 105 76 255 84 138 376 
137 72 108 90 122 80 255 85 141 404 
149 72 121 88 134 79 255 87 121 376 
154 71 127 86 140 78 255 82 128 353 
147 67 122 82 134 74 255 78 117 318 
136 64 112 78 124 71 255 73 114 279 
125 58 103 70 114 64 255 71 95 241 
116 57 95 68 105 62 255 65 85 206 
110 53 91 64 100 58 255 64 69 178 
108 53 89 63 98 58 255 55 75 170 
108 53 90 62 98 57 255 56 67 150 
105 53 88 61 96 57 255 55 63 142 
104 52 88 60 95 55 255 51 61 135 
104 51 88 59 95 54 255 49 62 134 
104 50 88 58 95 54 255 47 56 125 
103 51 88 59 95 55 255 46 59 123 
102 52 87 59 94 55 255 45 52 115 
100 52 86 59 93 55 255 43 53 110 
101 51 87 58 94 54 255 40 55 107 
100 50 87 57 93 53 255 41 45 101 
103 50 91 57 97 53 255 40 43 91 
105 49 92 56 98 52 255 36 52 98 
105 50 94 56 99 53 255 38 38 82 

