94 35 86 40 90 37 255 20 29 49 
96 37 89 42 92 39 203 18 27 47 
96 43 89 48 92 45 255 20 28 47 
95 37 88 43 91 40 255 21 32 53 
95 35 87 40 91 37 227 17 30 52 
93 36 85 41 89 38 255 20 28 49 
91 39 84 44 87 41 255 20 29 47 
95 42 88 47 91 44 237 21 27 48 
106 50 98 55 102 52 242 20 31 53 
119 53 111 59 114 55 255 18 32 54 
124 56 117 61 120 58 241 23 27 47 
116 57 109 62 112 59 217 21 26 48 
101 53 93 59 97 56 252 19 32 50 
81 53 73 58 76 55 252 19 30 52 
58 57 51 62 54 59 142 15 25 47 
46 60 40 65 42 62 253 19 22 41 
33 61 26 66 29 63 248 19 24 42 
18 58 10 62 14 60 251 17 25 42 
6 57 1 62 3 59 228 20 18 30 
10 59 3 64 6 61 168 13 28 47 
30 56 22 60 26 58 250 21 24 42 
56 54 48 59 51 56 238 19 29 52 
77 52 70 57 73 54 170 16 27 48 
91 54 83 59 87 56 180 15 31 52 
103 53 95 58 98 55 252 18 29 48 
114 50 107 55 110 52 210 19 25 47 
127 49 120 54 123 51 255 18 27 47 
124 47 117 52 120 49 196 17 27 47 
115 50 107 55 111 52 222 19 29 52 
92 53 83 59 87 55 255 18 38 63 
78 58 71 63 74 60 255 21 27 47 
93 61 85 66 89 63 254 21 29 52 
103 63 95 68 99 65 252 20 28 52 
106 66 98 72 101 69 255 19 29 49 
108 66 101 72 104 68 252 19 30 49 
107 64 100 70 103 67 255 18 30 48 
105 66 98 71 101 68 255 19 27 46 
103 63 96 68 99 65 255 20 25 43 
101 60 94 65 97 62 255 17 29 46 
94 64 87 69 90 66 240 16 27 46 
89 66 83 71 86 68 141 14 24 42 
92 61 86 66 89 63 224 17 24 42 
99 60 92 65 95 62 201 14 25 43 
107 57 100 62 103 59 169 14 29 43 
110 60 104 65 107 62 154 15 24 42 
111 61 104 66 107 63 146 13 26 44 
106 56 99 62 102 59 218 15 31 49 
91 61 83 66 86 63 255 21 28 46 
68 62 60 67 63 64 164 14 31 53 
38 62 30 67 34 64 215 15 31 51 
21 60 15 65 18 62 209 12 24 40 
33 59 26 64 29 61 103 11 28 48 
64 60 55 65 59 62 105 12 34 58 
94 55 85 60 89 57 216 16 33 54 
116 49 109 55 112 52 240 17 28 47 
131 46 124 51 127 48 122 13 27 47 
141 45 134 50 137 47 232 15 28 46 
145 42 139 47 142 44 246 15 24 40 
147 43 140 48 143 45 130 11 27 40 
154 44 147 49 150 46 240 14 26 45 
158 44 152 49 155 46 136 12 25 42 
154 44 147 49 150 46 249 16 26 45 
132 47 123 52 127 49 191 15 32 53 
93 52 83 56 88 54 217 20 32 55 
59 58 50 63 54 60 215 16 34 56 
35 59 29 64 32 61 145 13 24 42 
33 58 26 63 29 60 167 12 28 46 
49 57 41 61 45 59 255 21 26 45 
68 53 61 58 64 55 185 16 27 47 
85 51 78 56 81 53 133 15 27 48 
101 51 94 57 97 54 255 17 34 50 
110 50 103 55 106 52 212 17 25 47 
119 49 112 54 115 51 219 17 28 47 
123 46 116 51 119 48 225 17 27 47 
125 47 118 52 121 49 221 18 26 47 
126 48 119 53 122 50 212 16 27 47 
128 47 121 52 124 49 230 18 28 47 
130 48 123 53 126 50 234 17 27 47 
132 49 125 55 128 51 255 17 31 51 
136 50 128 55 132 52 255 17 30 50 
141 50 134 55 137 52 224 17 27 47 
145 51 137 56 141 53 255 17 29 51 
151 51 143 57 147 54 255 17 35 52 
159 51 152 56 155 53 250 17 27 46 
163 51 156 56 159 53 254 17 26 46 
162 51 155 56 158 53 255 18 26 47 
153 51 145 57 149 54 255 20 35 55 
129 53 120 58 124 55 255 22 31 56 
97 52 87 57 91 54 200 19 35 63 
69 53 60 58 64 55 169 18 33 58 
46 56 38 61 42 58 189 17 28 52 
33 58 26 63 29 60 177 16 25 44 
37 61 30 66 33 63 169 16 27 47 
57 59 48 64 52 61 252 22 32 55 
92 54 83 59 87 56 171 19 30 56 
122 53 114 58 118 55 207 20 29 54 
144 51 135 57 139 54 255 19 39 63 
153 52 145 58 149 55 255 18 37 55 
138 54 130 59 134 56 168 19 28 54 
114 57 104 62 108 59 255 24 32 57 
91 56 82 61 86 58 255 22 30 57 
70 56 61 61 65 58 161 18 34 58 
52 60 45 65 48 62 253 22 25 47 
41 58 34 63 37 60 238 19 25 46 
32 61 25 67 28 63 255 17 29 49 
29 64 22 69 25 66 233 17 28 47 
24 61 17 66 20 63 171 15 29 47 
24 57 17 62 20 59 186 16 27 47 
32 51 25 57 28 54 250 17 33 53 
50 46 41 51 45 48 255 20 32 53 
70 43 62 49 66 45 255 22 30 53 
90 36 82 41 86 38 225 19 29 53 
97 35 90 40 93 37 194 20 26 48 
100 34 92 40 95 37 255 19 33 54 
100 35 93 40 96 37 245 20 26 47 
101 38 94 43 97 40 255 20 28 47 
99 40 91 46 94 43 255 17 37 58 
97 44 90 49 93 46 202 17 28 48 
94 45 87 50 90 47 250 19 25 47 
90 46 83 51 86 48 255 19 28 46 
82 45 75 50 78 47 242 18 27 47 
70 43 63 48 66 45 196 17 27 47 
51 41 43 46 47 43 153 15 27 50 
38 44 32 49 35 46 255 17 24 40 
38 46 31 51 34 48 255 15 28 45 
47 45 40 50 43 47 147 15 27 47 
66 46 58 51 62 48 126 15 31 53 
93 45 84 50 88 47 146 17 30 54 
115 44 107 49 110 46 255 20 30 53 
124 44 117 49 120 46 186 20 27 48 
128 49 120 54 124 51 255 20 28 48 
119 48 111 53 114 50 242 21 30 53 
100 47 90 53 94 49 255 21 39 67 
66 46 56 52 61 49 255 25 37 63 
45 49 38 55 41 51 255 23 27 48 
39 53 32 58 35 55 255 23 26 47 
43 55 35 61 38 58 255 20 34 57 
52 55 43 61 47 58 255 20 37 60 
66 51 57 57 61 53 255 23 36 65 
80 48 71 53 75 50 255 29 29 55 
87 50 78 56 82 52 255 24 35 64 
92 52 84 58 88 54 253 28 35 61 
97 55 88 60 92 57 255 29 33 60 
98 54 88 60 93 57 255 26 38 71 
95 51 86 58 90 54 255 26 42 71 
94 54 84 61 89 57 255 30 44 77 
101 56 91 63 96 59 255 31 39 71 
107 53 96 59 101 55 255 36 40 77 
114 49 103 56 108 52 255 36 44 84 
119 46 107 53 113 49 255 36 46 88 
120 48 107 55 113 51 255 37 46 90 
121 51 108 58 114 54 255 40 50 100 
140 53 127 60 133 56 255 39 51 99 
142 52 129 59 135 55 255 40 45 96 
134 53 121 60 127 56 255 43 48 102 
128 55 114 62 121 58 255 43 44 102 
121 57 107 65 114 60 255 45 56 110 
110 59 95 66 102 62 255 45 55 116 
89 59 74 66 81 62 255 46 53 117 
69 60 54 67 61 63 255 46 55 116 
57 61 42 69 49 64 255 45 51 113 
57 60 43 67 49 63 255 47 48 111 
75 59 59 66 66 62 255 51 50 120 
101 57 84 65 92 61 255 48 65 140 
127 54 111 61 119 57 255 49 55 125 
142 52 126 60 134 56 255 47 61 131 
151 51 136 59 143 55 255 47 58 127 
158 53 143 61 150 57 255 48 53 120 
158 53 144 61 151 57 255 49 51 118 
146 54 131 63 138 58 255 50 55 122 
123 49 106 57 114 53 255 49 57 134 
97 51 81 59 88 54 255 50 60 130 
85 56 70 64 77 60 255 49 59 125 
81 59 66 67 73 63 255 44 58 116 
75 58 61 65 68 61 255 46 49 109 
74 56 60 63 67 59 255 45 48 105 
87 56 73 64 79 59 255 41 55 106 
98 53 85 61 91 57 255 41 47 96 
110 51 97 58 103 54 255 37 45 93 
119 50 107 57 113 53 255 36 50 87 
123 50 111 57 116 53 255 37 47 91 
126 53 114 60 120 56 255 38 47 91 
124 52 112 59 117 55 255 38 45 91 
129 52 116 59 122 55 255 39 49 100 
133 54 120 60 126 57 255 43 44 88 
130 56 117 63 123 59 255 44 47 101 
116 55 101 62 108 58 255 47 50 112 
94 57 78 65 85 61 255 47 66 129 
83 61 68 68 75 64 255 47 51 114 
79 62 64 69 71 65 255 44 51 113 
77 58 62 65 69 61 255 44 48 106 
78 56 65 64 71 59 255 40 52 103 
77 54 64 61 70 57 255 40 48 92 
73 55 61 62 66 58 255 37 46 90 
69 55 58 61 63 58 255 34 36 78 
66 58 55 64 60 60 255 34 38 78 
63 55 53 62 58 58 255 35 39 74 
69 57 59 63 63 60 255 31 39 72 
69 54 59 61 64 57 255 32 40 72 
70 48 61 54 65 51 255 31 32 66 
74 53 65 59 69 55 255 33 36 66 
75 53 66 60 70 56 255 31 34 62 
79 54 70 60 74 56 255 27 35 65 
88 50 79 56 83 53 255 31 32 67 
103 47 95 53 99 50 255 28 33 59 
115 46 106 51 110 48 253 30 32 60 
123 48 115 54 119 51 255 26 31 60 
122 51 113 57 117 53 255 25 33 62 
119 51 111 57 115 54 255 24 32 58 
110 49 101 55 105 52 255 23 34 63 
91 49 81 55 85 52 255 24 40 69 
67 52 59 57 63 54 255 26 28 54 
62 54 55 60 58 57 255 30 25 49 
70 57 62 62 66 59 209 23 28 53 
79 58 71 64 74 61 255 21 31 56 
85 63 77 69 81 66 255 22 34 59 
86 68 79 73 82 70 255 23 27 48 
86 67 79 72 82 69 241 23 26 48 
78 62 71 67 74 64 255 22 25 47 
72 54 65 59 68 56 196 23 25 47 
72 50 65 55 68 52 169 18 26 46 
73 47 66 52 69 49 212 19 25 47 
65 46 57 51 61 48 168 16 31 52 
52 51 44 57 48 53 247 17 33 55 
32 55 25 60 28 57 150 16 25 47 
23 57 17 62 20 59 215 17 23 42 
23 54 17 59 20 56 176 16 25 42 
24 51 18 56 21 53 247 20 23 42 
20 51 13 56 16 53 244 16 29 47 
22 53 15 58 18 55 255 17 27 46 
30 53 23 59 26 55 255 16 30 48 
41 53 34 59 37 55 255 20 27 47 
56 50 48 56 51 53 255 20 32 53 
69 49 61 54 65 51 255 20 32 52 
76 52 68 57 72 54 234 20 31 52 
75 45 68 51 71 47 255 26 28 50 
77 45 69 50 72 47 255 23 28 50 
81 44 73 49 77 46 255 23 29 52 
84 47 76 53 79 50 255 22 30 54 
88 54 80 60 84 57 255 22 34 57 
99 51 91 57 94 54 255 24 32 59 
110 51 101 57 105 53 255 24 37 64 
120 45 111 51 115 48 255 30 34 64 
123 45 115 52 118 48 255 32 35 67 
121 49 112 54 116 51 255 32 30 59 
105 44 95 50 100 47 255 29 37 72 
86 46 76 52 81 48 255 30 35 60 
72 47 62 53 66 49 255 31 38 70 
64 48 53 54 58 50 255 30 39 74 
49 49 39 55 43 51 255 34 37 72 
33 53 23 59 27 56 255 28 37 72 
32 53 22 60 26 56 255 30 44 77 
39 55 28 61 33 57 255 33 37 74 
48 54 37 60 42 57 255 34 37 78 
67 52 55 58 61 55 255 34 40 83 
84 54 72 60 78 57 255 37 40 85 
96 53 84 60 90 56 255 36 49 92 
104 51 92 58 98 54 255 37 48 93 
110 52 97 59 103 55 255 37 51 98 
118 49 105 56 111 52 255 40 51 102 
127 48 113 55 120 51 255 40 55 108 
134 48 119 56 126 51 255 41 55 110 
135 51 121 58 128 54 255 45 50 111 
132 52 117 59 124 55 255 49 48 115 
116 55 99 63 107 59 255 50 60 130 
97 57 80 65 88 60 255 50 69 141 
80 55 63 64 71 59 255 51 70 145 
68 56 52 64 60 59 255 50 58 133 
64 56 48 64 55 60 255 47 62 130 
63 54 48 62 55 58 255 46 58 123 
58 52 44 60 50 55 255 44 52 112 
51 52 38 59 44 55 255 42 46 101 
38 56 25 63 31 59 255 41 46 100 
29 59 17 66 23 62 255 37 48 93 
30 66 18 73 23 69 255 40 44 88 
28 71 17 78 22 74 255 38 42 86 
25 72 13 79 19 75 255 36 44 87 
25 73 14 80 19 76 255 35 41 85 
32 72 20 78 26 75 255 37 43 85 
49 71 36 78 42 74 255 38 53 97 
74 69 61 76 67 72 255 38 45 91 
98 58 85 65 91 61 255 37 43 89 
111 51 100 58 105 54 255 34 46 86 
122 52 111 59 116 55 255 36 40 78 
116 52 105 59 110 55 255 34 43 84 
105 49 93 55 99 52 255 32 41 83 
100 47 89 53 94 50 255 31 40 79 
107 43 96 50 101 46 255 35 44 84 
120 43 109 49 114 45 255 34 40 78 
125 41 115 47 120 44 255 31 37 73 
126 42 115 48 120 45 255 28 39 78 
118 44 108 50 113 47 255 31 37 73 
104 42 94 49 98 45 255 32 38 75 
91 41 81 47 86 43 255 31 38 72 
84 42 74 48 78 45 255 26 36 70 
76 44 67 50 71 46 255 31 37 65 
74 43 65 50 69 46 255 29 34 64 
80 50 71 56 75 53 255 27 35 66 
84 52 75 58 79 54 255 25 36 65 
86 53 77 59 81 56 255 23 38 64 
91 53 82 59 86 55 244 25 38 63 
99 49 91 54 95 51 255 26 29 54 
104 49 96 54 100 51 245 25 31 54 
108 50 100 56 104 53 255 22 32 59 
108 52 100 57 103 54 255 22 30 53 
105 53 98 58 101 55 255 24 26 48 
104 52 97 57 100 54 251 24 25 48 
103 52 95 58 99 55 255 21 32 53 
101 52 93 58 97 54 255 20 33 57 
104 51 96 57 99 54 255 20 33 53 
101 50 93 56 96 52 255 20 31 54 
93 50 85 56 89 53 255 20 33 56 
86 50 79 55 82 52 187 19 26 48 
80 48 73 53 76 50 180 18 27 47 
79 50 72 55 75 52 250 19 28 47 
85 52 78 57 81 54 225 19 26 47 
92 55 85 60 88 57 255 19 25 46 
99 51 93 56 96 53 214 18 24 42 
100 51 93 56 96 53 204 19 24 43 
94 49 88 54 91 51 191 16 24 42 
86 57 79 62 82 59 223 18 25 46 
77 61 70 66 73 63 255 18 27 45 
71 60 65 65 68 62 188 14 25 42 
69 59 62 64 65 61 220 15 28 45 
53 57 46 62 49 59 136 13 26 47 
37 57 31 62 34 59 184 13 24 42 
36 56 30 61 32 58 121 11 26 41 
52 55 45 60 48 57 193 15 26 47 
71 53 64 58 67 55 113 13 24 43 
89 52 81 57 85 54 246 16 32 50 
102 51 96 56 99 53 183 14 23 41 
111 50 105 55 108 52 252 17 24 40 
118 50 111 55 114 52 255 15 29 46 
125 48 118 53 121 50 135 14 24 43 
137 48 130 53 133 50 255 17 26 42 
137 49 131 54 134 51 255 17 25 40 
135 49 129 54 132 51 225 16 24 42 
126 49 118 54 122 51 201 14 31 52 
101 51 93 56 96 53 152 16 28 53 
70 53 62 58 66 55 196 17 32 51 
48 57 41 62 44 59 255 17 30 46 
45 57 38 62 41 59 255 16 24 41 
45 58 38 63 41 60 255 15 32 46 
47 56 41 61 44 58 251 18 24 40 
66 55 58 59 62 57 255 23 24 45 
92 52 84 57 87 54 201 18 29 53 
102 53 95 59 98 56 254 16 29 48 
102 52 95 57 98 54 201 16 27 46 
108 52 101 58 104 55 255 17 34 52 
113 52 107 57 110 54 240 20 23 42 
117 48 110 53 113 50 255 19 26 44 
120 48 113 54 116 50 255 18 31 51 
123 50 116 55 119 52 255 20 26 46 
124 50 117 55 120 52 211 19 27 48 
125 50 118 55 121 52 213 24 27 47 
130 53 123 58 126 55 211 25 25 48 
131 50 124 56 127 53 255 21 31 52 
133 50 125 55 129 52 255 21 31 52 
127 48 119 54 123 50 238 21 31 57 
114 47 106 53 109 49 254 25 30 55 
102 43 94 48 97 45 220 26 26 50 
93 47 84 53 88 49 255 26 39 65 
86 49 77 55 81 52 255 24 33 61 
81 49 72 55 76 52 255 23 36 63 
78 53 69 59 73 55 255 24 36 64 
83 56 74 62 78 58 249 27 36 64 
96 57 86 63 91 59 255 26 35 67 
101 54 92 61 96 57 255 28 42 70 
102 53 91 59 96 56 255 28 35 69 
111 54 101 60 106 56 255 32 34 72 
125 56 114 62 119 59 255 29 39 76 
131 55 121 61 126 57 255 35 38 71 
136 54 126 60 130 57 255 31 37 73 
140 54 129 60 134 57 255 31 39 78 
145 54 134 60 139 56 255 33 42 79 
145 55 134 61 139 58 255 33 38 79 
143 52 132 59 137 55 255 36 46 85 
144 52 132 58 138 55 255 35 41 86 
156 54 144 60 150 57 255 36 39 82 
162 54 151 60 156 56 255 37 38 79 
163 53 151 59 156 55 255 35 41 81 
158 54 146 60 151 57 255 37 39 82 
146 54 134 61 139 57 255 39 47 93 
130 54 117 61 123 57 255 40 48 95 
114 52 101 59 107 55 255 40 51 100 
101 53 88 60 94 56 255 42 49 95 
92 53 78 61 84 56 255 42 53 107 
82 56 68 63 74 59 255 46 48 109 
71 58 57 66 63 61 255 44 51 110 
63 59 49 66 56 62 255 46 46 106 
65 58 51 66 57 61 255 46 55 117 
67 55 52 63 59 59 255 47 52 118 
71 56 55 64 62 60 255 49 63 133 
80 57 63 66 71 61 255 51 67 143 
101 52 82 60 91 56 255 58 66 156 
119 51 100 60 109 55 255 53 74 163 
130 55 112 65 121 60 255 58 68 162 
141 56 122 66 131 61 255 56 79 177 
145 58 126 68 135 63 255 59 78 186 
146 60 127 70 136 65 255 63 78 191 
138 57 117 69 127 63 255 64 93 221 
123 56 101 70 112 63 255 68 108 253 
111 60 88 75 99 67 255 74 109 270 
110 65 85 79 97 71 255 80 121 308 
118 69 91 84 104 76 255 86 125 349 
120 69 91 85 105 77 255 92 139 400 
118 72 89 89 103 80 255 95 136 423 
118 71 88 87 103 78 255 94 138 408 
115 71 87 87 101 78 255 88 135 380 
112 64 86 81 98 71 255 82 128 339 
111 61 87 77 99 68 255 74 114 287 
111 54 90 67 100 60 255 70 100 237 
109 58 89 68 99 63 255 62 89 195 
97 56 79 67 87 61 255 58 76 169 
86 59 69 68 77 63 255 51 74 152 
77 60 60 68 68 63 255 49 65 139 
68 60 53 67 60 63 255 48 51 117 
69 60 55 68 61 63 255 45 58 115 
72 56 58 64 64 60 255 48 57 119 
78 59 65 67 71 63 255 46 50 99 
82 61 69 68 75 64 255 39 51 100 
87 60 74 67 80 63 255 37 52 98 
82 60 70 67 76 63 255 35 49 92 
79 59 67 66 73 62 255 37 46 88 
82 56 70 62 75 59 255 36 40 77 
87 58 75 64 80 60 255 33 43 83 
90 58 80 65 85 61 255 33 42 78 
97 61 87 67 91 63 255 37 35 72 
105 59 95 65 99 61 255 32 34 72 
109 57 99 63 104 60 255 28 39 72 
109 57 100 63 104 59 255 34 36 66 
109 56 100 62 104 59 255 28 33 65 
109 55 100 61 104 58 255 30 34 66 
111 57 102 63 106 60 255 28 37 66 
116 54 106 60 110 56 255 25 37 70 
116 53 108 59 112 56 255 30 29 56 
115 52 106 58 110 55 255 24 37 64 
117 51 109 57 113 54 255 25 32 59 
121 52 112 57 116 54 255 27 28 53 
127 50 118 56 122 53 255 21 39 64 
129 50 121 55 125 52 255 25 29 54 
128 50 119 56 123 53 255 23 38 61 
129 52 120 57 124 54 255 27 30 53 
131 52 122 58 126 54 255 23 34 64 
138 52 129 58 133 55 255 26 33 61 
144 51 135 57 139 53 255 26 37 63 
147 49 138 55 142 51 255 24 35 65 
149 49 140 55 144 51 255 28 36 63 
144 48 135 54 139 50 255 28 33 65 
136 47 126 53 131 50 255 27 38 67 
125 45 115 51 120 48 255 29 35 71 
116 44 106 51 111 47 255 31 40 72 
110 47 100 53 105 50 255 31 36 73 
101 50 91 57 96 53 255 32 45 79 
88 50 76 57 82 53 255 32 41 81 
79 50 68 57 73 53 255 36 44 79 
68 54 57 60 62 56 255 37 39 79 
52 54 40 61 45 57 255 31 43 85 
36 54 26 60 30 57 255 34 34 73 
23 55 13 61 17 57 255 35 37 72 
17 55 8 62 12 58 255 32 37 72 
24 57 14 63 19 59 255 36 33 68 
36 55 26 61 30 57 255 34 37 74 
53 52 42 59 47 55 255 36 42 81 
67 42 56 48 61 45 255 39 42 80 
79 38 69 44 73 41 255 33 35 73 
82 37 72 43 76 40 255 31 35 73 
81 36 70 43 75 39 255 33 45 79 
83 36 72 43 77 39 255 31 45 81 
81 36 70 44 75 39 255 33 43 82 
82 37 70 43 76 40 255 33 42 81 
86 37 74 43 79 40 255 34 44 86 
91 37 79 44 85 40 255 36 48 93 
96 37 83 44 89 40 255 39 48 94 
91 38 78 45 84 41 255 43 45 101 
80 39 66 46 72 42 255 44 50 105 
78 41 63 48 70 44 255 46 51 112 
83 40 67 48 74 44 255 45 63 130 
93 38 76 47 84 43 255 51 64 143 
106 40 89 48 97 44 255 58 58 147 
124 42 106 51 115 46 255 53 72 159 
127 43 110 52 118 48 255 58 60 146 
129 47 112 56 120 51 255 50 72 145 
130 45 113 53 121 49 255 52 59 132 
129 47 113 55 121 51 255 48 62 131 
128 49 113 57 120 53 255 46 55 116 
125 47 111 54 118 50 255 44 50 108 
125 46 111 53 117 49 255 40 51 106 
126 50 113 56 120 53 255 41 42 85 
134 50 122 57 127 53 255 37 48 93 
136 49 124 55 130 52 255 35 43 87 
134 54 123 60 128 57 255 33 38 74 
129 57 118 63 123 59 255 32 36 77 
125 60 115 67 120 63 255 31 44 77 
124 62 114 68 119 65 255 32 38 74 
127 62 118 68 122 65 255 27 32 65 
132 64 122 70 126 66 255 27 37 68 
130 65 121 71 125 67 253 28 37 65 
126 64 117 70 121 66 255 24 33 64 
119 60 111 66 115 63 255 27 31 60 
106 54 98 60 102 56 254 24 32 59 
89 50 80 56 84 52 255 22 35 64 
70 50 61 55 65 52 246 22 29 54 
55 54 47 59 50 56 186 21 29 53 
47 54 39 60 43 56 255 19 32 52 
58 53 50 58 54 55 207 25 26 52 
82 47 73 53 77 50 255 21 36 64 
105 46 97 51 101 48 250 23 28 53 
121 44 113 49 117 46 255 21 31 52 
131 44 123 49 127 46 254 20 31 52 
137 48 129 54 132 51 255 18 34 53 
139 48 132 54 135 51 255 18 32 52 
136 47 128 52 132 49 221 17 31 52 
128 47 121 53 124 50 255 20 26 47 
125 47 118 52 121 49 157 17 27 47 
118 49 111 55 114 52 255 17 32 51 
117 46 110 51 113 48 251 18 25 46 
122 44 115 49 118 46 220 17 28 47 
134 45 127 50 130 47 255 20 26 46 
143 44 136 49 139 46 252 18 28 45 
150 44 144 49 146 46 250 17 23 41 
149 47 142 52 145 49 253 17 26 46 
136 46 129 51 132 48 143 15 26 47 
116 43 107 48 111 45 155 16 30 54 
90 41 82 46 86 43 204 18 29 51 
66 44 57 48 61 46 251 20 29 50 
46 44 39 49 42 46 205 15 27 46 
39 48 32 52 35 50 246 16 24 37 
40 47 34 52 37 49 231 14 26 41 
33 42 27 47 30 44 200 15 24 42 
31 49 25 54 28 51 222 15 24 40 
38 49 31 54 34 51 152 13 29 46 
47 49 40 54 43 51 248 16 26 46 
50 52 44 57 47 54 253 17 24 42 
54 53 48 58 51 55 145 15 23 42 
61 52 54 57 57 54 232 16 27 47 
70 53 63 58 66 55 255 19 26 47 
75 48 67 54 70 51 255 17 32 51 
74 48 67 54 70 50 255 19 28 48 
70 51 63 57 66 53 235 19 28 48 
71 49 63 54 67 51 255 19 29 51 
70 48 63 54 66 50 255 21 30 53 
67 53 60 59 63 55 255 20 32 53 
71 52 64 57 67 54 245 23 25 47 
66 53 59 58 62 55 218 22 26 48 
61 49 53 55 57 51 255 21 34 57 
56 48 48 54 51 50 255 21 33 55 
51 50 43 55 47 52 255 23 29 52 
51 47 43 53 46 49 255 21 35 58 
55 53 47 59 50 56 255 21 31 58 
58 54 50 59 54 56 255 27 29 53 
56 49 48 55 51 52 255 29 30 61 
52 47 43 53 47 49 255 28 35 64 
50 47 41 52 45 49 255 32 30 58 
52 47 43 53 47 49 255 34 31 61 
64 48 54 54 58 51 255 31 37 71 
86 48 74 54 79 51 255 33 42 83 
114 46 102 52 108 49 255 37 43 83 
136 53 125 59 130 56 255 36 38 79 
145 57 135 64 140 60 255 34 41 78 
147 56 136 63 141 59 255 33 45 82 
136 55 124 61 130 58 255 36 40 85 
115 50 102 57 108 53 255 40 52 95 
92 47 78 54 85 50 255 37 52 104 
77 48 64 55 70 51 255 38 41 88 
74 50 62 57 68 53 255 41 45 94 
78 52 65 60 71 55 255 40 51 97 
86 51 72 59 78 55 255 41 58 110 
92 50 77 57 84 53 255 47 50 115 
97 52 82 60 89 56 255 50 58 128 
106 52 89 60 97 55 255 50 64 140 
118 48 101 57 109 52 255 50 69 151 
121 51 104 60 112 55 255 54 71 155 
122 50 104 60 112 54 255 57 70 164 
125 51 106 61 115 56 255 61 71 174 
122 52 102 63 112 57 255 64 71 187 
120 53 98 65 108 59 255 64 90 216 
116 52 94 65 105 58 255 70 98 236 
115 56 93 68 104 62 255 70 96 241 
115 53 93 67 103 60 255 72 94 245 
115 55 93 67 104 61 255 71 96 236 
118 56 96 68 106 62 255 66 98 229 
122 60 102 71 111 65 255 62 91 210 
130 55 111 65 120 60 255 63 77 188 
131 54 113 63 122 58 255 58 64 157 
124 53 107 62 115 57 255 53 66 144 
118 51 102 59 110 55 255 49 58 131 
115 53 100 61 107 57 255 46 61 126 
115 48 101 56 108 51 255 45 55 117 
112 51 98 58 105 54 255 40 51 106 
113 52 101 58 107 54 255 42 39 82 
118 58 106 65 111 61 255 40 43 88 
121 64 110 71 115 67 255 34 45 86 
122 68 110 74 115 70 255 36 40 79 
120 67 109 73 114 70 255 32 38 78 
115 67 104 73 109 69 255 30 38 74 
105 62 95 68 99 65 255 33 34 72 
94 59 83 65 88 62 255 29 37 70 
82 56 72 62 77 58 255 32 38 69 
70 51 61 57 65 53 255 26 33 65 
80 50 70 56 75 53 255 27 38 67 
103 53 92 59 97 55 255 22 39 65 
124 53 114 58 119 55 255 26 33 64 
139 54 130 60 134 57 255 23 35 64 
149 57 141 62 144 59 207 26 29 53 
151 56 142 62 146 59 255 20 38 63 
144 55 135 61 139 58 255 22 37 60 
132 56 123 61 127 58 230 23 31 58 
118 54 109 59 113 56 238 22 31 58 
107 53 98 59 102 56 255 20 38 62 
91 53 83 58 86 55 255 25 28 53 
74 54 66 60 69 56 255 22 32 54 
58 54 49 59 53 56 169 19 31 55 
45 55 37 60 40 57 218 17 32 53 
33 57 26 62 29 59 163 16 27 47 
29 56 22 61 25 58 196 16 27 47 
30 55 24 60 26 57 255 20 23 41 
30 55 23 60 26 57 255 18 27 47 
32 54 25 60 28 57 255 19 28 46 
33 55 26 60 29 57 169 18 26 47 
30 57 23 62 26 59 249 19 25 47 
28 58 21 63 24 60 190 19 27 48 
33 57 25 63 28 60 255 18 33 56 
34 57 27 62 30 59 249 24 25 48 
36 56 28 62 31 59 255 20 33 56 
35 57 28 62 31 59 255 25 25 48 
36 57 28 62 32 59 252 23 29 52 
33 56 25 62 29 58 255 22 34 58 
33 56 24 62 28 59 255 21 37 60 
35 54 27 60 30 57 255 22 31 59 
35 53 27 59 30 56 255 24 30 59 
34 53 25 59 29 55 255 22 36 65 
35 54 26 60 30 57 255 23 37 64 
41 53 32 60 36 56 255 32 35 68 
48 57 39 63 43 59 255 33 33 62 
45 58 35 64 39 60 255 27 39 72 
41 58 31 64 35 60 255 30 37 71 
40 55 30 62 35 58 255 31 42 75 
39 58 28 64 33 60 255 33 38 73 
42 57 31 64 36 60 255 36 40 80 
55 55 43 62 48 58 255 38 41 82 
68 55 56 62 62 58 255 36 53 93 
85 53 72 60 78 56 255 38 53 99 
104 51 91 58 97 54 255 38 52 98 
118 53 106 59 112 56 255 39 41 87 
128 52 115 59 121 55 255 37 47 92 
132 53 120 60 126 56 255 37 43 87 
136 53 124 60 130 56 255 38 46 90 
144 54 132 61 137 57 255 38 46 93 
149 54 137 61 143 57 255 39 41 87 
154 55 142 62 148 58 255 38 42 88 
156 56 143 62 149 59 255 39 42 90 
153 56 140 63 146 59 255 39 49 98 
148 56 135 63 141 59 255 41 48 102 
143 57 130 64 136 60 255 42 45 102 
145 58 131 65 138 61 255 43 49 109 
151 60 137 67 144 63 255 46 50 108 
156 60 142 68 149 63 255 46 50 112 
161 63 146 71 153 67 255 48 54 121 
171 62 156 70 163 66 255 48 54 124 
173 61 158 69 165 65 255 49 58 127 
166 60 150 69 158 64 255 51 67 138 
150 57 132 66 141 61 255 54 72 157 
129 56 111 65 120 60 255 58 66 150 
116 56 99 64 107 60 255 58 59 147 
108 55 91 63 99 58 255 53 64 142 
108 55 92 63 100 59 255 52 59 133 
110 55 95 63 102 59 255 50 57 127 
119 52 104 60 111 55 255 47 53 118 
126 54 112 61 118 57 255 43 50 109 
129 54 116 61 122 57 255 42 48 102 
131 54 118 61 124 57 255 39 47 100 
129 55 117 61 123 58 255 42 39 87 
121 54 108 61 114 57 255 38 49 98 
107 54 94 61 100 57 255 37 52 94 
89 54 77 60 82 56 255 36 42 86 
73 52 61 58 67 55 255 33 40 81 
61 55 50 62 55 58 255 32 47 85 
52 56 41 62 46 59 255 29 41 77 
39 56 29 62 33 59 255 31 35 67 
36 56 27 62 31 58 255 28 35 65 
39 58 30 64 34 60 255 29 36 65 
43 54 34 61 38 57 255 32 38 67 
49 50 40 56 44 53 255 25 37 64 
59 49 50 55 54 52 255 26 33 64 
80 52 70 57 74 54 255 32 34 65 
99 54 90 59 94 56 255 30 32 59 
109 55 100 60 104 57 235 30 33 60 
125 53 116 59 120 56 255 28 35 66 
134 50 125 55 129 52 241 29 31 59 
140 48 132 54 136 51 255 24 32 60 
143 50 135 56 139 53 255 23 35 58 
149 51 141 56 145 53 250 25 30 53 
151 53 144 58 147 55 229 25 25 48 
149 54 141 60 144 56 255 22 35 58 
141 53 133 59 137 55 255 22 32 58 
131 54 123 60 126 56 255 22 33 58 
126 53 118 58 122 55 255 22 30 52 
127 57 119 62 122 59 219 21 31 53 
134 56 126 62 130 58 255 20 34 58 
138 56 131 61 134 58 196 23 26 47 
137 54 129 60 133 56 255 18 35 58 
131 54 123 59 127 56 181 18 28 48 
125 52 117 58 121 55 255 17 36 55 
122 55 115 61 118 57 247 19 27 48 
119 55 112 60 115 57 255 20 28 46 
114 51 107 57 110 54 255 18 32 52 
103 53 96 58 99 55 173 18 25 47 
101 59 94 65 97 61 255 19 29 48 
102 66 95 71 98 68 203 17 28 47 
96 64 89 70 92 66 254 17 32 51 
84 60 76 66 79 62 255 17 31 50 
76 62 70 67 73 64 255 19 24 42 
80 63 73 68 76 65 253 16 28 45 
80 67 73 72 76 69 168 13 30 46 
80 65 73 70 76 67 240 16 30 46 
81 63 74 68 77 65 255 16 27 45 
88 61 82 66 85 63 255 18 24 40 
92 59 86 64 88 61 216 15 24 41 
90 61 83 66 86 63 249 15 29 46 
87 51 81 56 84 53 225 15 24 42 
88 52 82 57 85 54 255 17 24 40 
87 49 81 54 84 51 214 15 24 42 
87 50 80 55 83 52 255 17 26 43 
86 50 79 55 82 52 255 16 28 45 
84 46 77 51 80 48 255 17 27 46 
82 43 75 49 78 45 252 15 33 51 
81 37 74 42 77 39 202 17 25 45 
78 42 71 47 74 44 255 18 25 46 
74 52 67 58 70 54 225 21 30 52 
68 60 61 66 64 62 221 22 31 53 
67 64 60 69 63 66 255 21 25 43 
67 68 59 74 62 70 255 17 34 56 
70 70 63 75 66 72 255 22 27 48 
75 67 68 72 71 69 246 22 27 48 
86 63 78 69 81 65 255 22 30 55 
96 60 88 65 92 62 212 20 31 54 
110 59 102 64 106 61 255 24 30 53 
119 54 111 60 115 57 255 23 32 59 
124 51 116 57 120 54 255 23 31 59 
129 43 121 49 124 45 255 25 33 60 
129 46 121 52 125 49 255 25 30 59 
126 48 118 53 122 50 255 27 27 53 
114 49 104 55 109 51 255 26 40 69 
98 61 89 67 93 64 255 27 35 65 
85 63 76 70 80 66 255 28 33 61 
79 64 70 70 74 66 255 27 34 61 
69 63 59 69 63 65 255 34 39 72 
53 61 43 67 47 63 255 31 37 70 
42 58 32 64 37 61 255 27 35 69 
34 57 24 64 28 60 255 30 40 71 
25 57 16 63 20 60 255 29 31 66 
23 58 13 64 18 61 255 27 38 71 
32 59 21 65 26 61 255 33 45 78 
57 54 45 61 50 57 255 34 53 89 
80 55 68 61 74 57 255 37 41 85 
100 52 87 59 93 55 255 37 46 91 
112 51 101 57 106 54 255 37 38 81 
124 50 112 57 118 53 255 36 44 90 
132 49 120 56 125 52 255 37 49 93 
133 51 120 58 126 54 255 39 44 94 
128 49 115 56 121 52 255 42 48 101 
120 47 106 54 113 50 255 41 51 107 
116 49 101 57 108 52 255 42 54 116 
109 44 94 52 101 48 255 44 61 124 
101 46 85 55 93 50 255 48 58 129 
95 51 79 61 87 56 255 54 68 146 
83 57 66 66 74 62 255 50 64 141 
66 60 50 68 57 63 255 50 62 135 
55 57 39 66 47 61 255 51 57 128 
49 57 34 65 41 61 255 47 57 125 
50 54 35 62 42 58 255 45 61 126 
48 55 34 62 40 58 255 47 49 110 
45 56 32 64 38 60 255 42 48 103 
49 57 35 64 42 60 255 38 51 102 
51 58 38 65 44 61 255 38 48 97 
52 62 40 69 46 65 255 38 44 90 
55 56 43 63 48 59 255 35 48 88 
59 57 48 64 53 60 255 33 40 80 
62 59 51 66 56 62 255 33 42 78 
67 57 56 63 61 59 255 31 36 73 
76 51 65 58 70 54 255 36 43 87 
85 44 75 50 80 46 255 28 35 67 
90 48 81 54 85 51 255 31 33 67 
101 56 92 62 96 59 255 25 36 66 
91 55 81 61 85 57 255 25 38 70 
70 51 61 57 65 54 255 25 33 65 
56 52 47 58 51 55 255 25 34 65 
53 56 45 62 49 58 255 23 31 57 
50 59 42 64 45 61 255 25 28 50 
57 56 49 62 52 58 255 23 33 58 
66 55 57 60 61 57 255 21 31 55 
67 55 59 61 62 57 255 20 34 58 
66 53 58 59 61 55 255 19 34 56 
70 55 63 60 66 57 203 24 25 48 
76 55 69 60 72 57 255 21 26 48 
83 52 76 57 79 54 253 21 25 47 
93 54 85 59 89 56 255 22 29 51 
106 52 99 57 102 54 225 22 25 47 
116 52 109 57 112 54 255 22 24 46 
118 50 110 56 114 53 255 18 34 57 
115 49 108 54 111 51 202 20 27 48 
117 49 109 54 112 51 243 20 31 51 
124 51 116 56 120 53 179 19 32 52 
123 49 116 54 119 51 255 22 26 48 
121 47 113 53 116 50 255 19 33 57 
119 45 111 51 115 47 255 20 34 58 
118 50 111 55 114 52 255 26 26 48 
114 52 106 58 110 55 255 22 32 59 
107 53 98 59 102 55 255 23 38 64 
95 52 86 58 90 54 255 28 34 64 
86 58 76 64 80 61 255 24 36 66 
80 56 71 62 75 58 255 28 36 65 
73 54 64 60 68 57 255 27 34 65 
62 55 52 61 56 57 255 28 38 66 
49 53 40 59 44 56 255 27 32 64 
39 52 30 58 34 54 255 29 35 64 
35 54 26 60 30 57 255 28 34 63 
32 54 23 60 27 57 255 23 35 64 
31 55 22 61 26 58 255 24 36 60 
37 54 28 60 32 57 255 23 37 64 
43 52 34 58 38 55 255 22 36 64 
44 53 36 59 39 56 255 23 32 59 
49 55 40 61 44 58 255 22 36 65 
58 55 49 61 53 58 255 22 38 64 
68 54 59 60 63 57 255 25 35 64 
78 54 69 60 73 56 251 29 34 62 
89 54 80 60 84 56 255 28 33 65 
97 53 87 59 91 55 255 25 38 70 
97 52 88 59 92 55 255 27 39 67 
98 53 88 59 93 55 255 31 37 66 
99 52 89 58 93 55 255 30 35 69 
99 50 89 57 94 53 255 29 41 75 
99 48 88 54 93 51 255 32 37 75 
98 52 87 58 92 54 255 33 40 79 
97 53 86 59 91 56 255 34 38 80 
104 56 92 62 97 59 255 36 40 85 
108 56 96 63 102 59 255 36 49 93 
111 58 98 64 104 61 255 38 43 92 
110 58 97 65 103 61 255 41 46 98 
106 59 92 66 98 62 255 42 53 107 
98 57 83 65 90 60 255 45 52 117 
86 58 71 66 78 61 255 47 59 123 
74 57 58 66 65 61 255 47 59 131 
67 58 51 66 58 62 255 47 62 132 
60 59 44 67 51 63 255 48 61 133 
58 61 42 69 49 65 255 47 60 131 
56 62 41 70 48 65 255 45 60 124 
56 60 41 68 48 64 255 46 55 123 
59 59 44 66 51 62 255 46 52 115 
66 59 52 66 58 62 255 48 51 109 
71 57 57 65 63 61 255 42 57 106 
69 53 56 60 62 56 255 40 53 101 
68 52 55 59 61 55 255 39 50 99 
64 52 52 59 57 55 255 36 47 91 
62 53 50 59 55 56 255 34 43 84 
58 56 47 62 52 59 255 38 37 75 
59 54 49 60 53 56 255 36 35 74 
65 55 54 61 59 57 255 35 40 77 
65 53 55 59 60 55 255 35 39 73 
64 55 53 61 58 58 255 29 38 77 
63 53 53 60 57 56 255 30 44 74 
61 56 52 62 56 59 255 27 34 66 
67 58 58 64 62 61 255 30 32 66 
73 56 63 62 67 59 255 26 39 71 
79 58 69 64 74 60 255 27 39 70 
70 58 61 64 65 60 255 29 34 62 
57 57 48 63 52 60 255 25 36 64 
45 56 36 62 40 58 255 22 39 65 
34 56 26 62 29 58 255 22 35 59 
33 56 25 62 28 58 255 22 33 58 
39 56 30 61 34 58 232 23 33 58 
49 54 41 59 44 56 255 26 29 53 
61 51 52 57 56 54 255 23 34 59 
72 52 64 57 68 54 255 26 29 54 
80 53 72 58 76 55 255 26 28 52 
93 52 85 57 88 54 255 26 29 53 
103 48 94 54 98 50 255 23 35 64 
111 49 103 54 106 51 245 28 28 53 
114 53 105 59 109 55 255 22 37 64 
107 55 98 61 102 57 255 24 38 65 
93 62 84 68 88 64 255 25 33 64 
82 65 74 70 78 67 255 26 31 54 
84 67 75 73 79 69 255 23 35 64 
88 66 79 72 83 69 255 22 38 66 
91 63 82 69 86 65 255 23 33 60 
100 63 92 69 96 66 255 23 32 59 
104 64 96 70 99 67 255 22 33 58 
106 63 98 68 101 65 255 25 28 53 
107 62 99 68 103 64 204 21 33 57 
106 56 99 62 102 58 255 27 28 54 
109 55 101 61 104 57 255 22 32 56 
113 57 106 63 109 59 255 21 30 53 
114 51 107 57 110 54 255 23 27 49 
114 54 106 60 110 56 255 20 34 57 
113 50 106 56 109 52 255 20 31 52 
114 48 107 54 110 51 255 18 30 52 
120 49 113 54 116 51 194 17 27 48 
124 51 117 57 120 54 229 18 32 54 
121 56 114 62 117 59 255 16 34 50 
108 55 101 60 104 57 255 19 27 46 
97 52 90 57 93 54 223 17 28 47 
86 49 79 55 82 52 254 16 31 50 
93 46 85 51 89 48 214 17 29 51 
108 55 101 60 104 57 183 17 25 47 
122 56 115 61 118 58 254 18 27 45 
126 54 120 60 123 56 255 16 26 42 
126 52 119 57 122 54 200 15 28 46 
122 53 116 58 119 55 246 16 23 41 
118 55 112 60 114 57 247 18 21 36 
112 60 105 65 108 62 241 16 26 43 
106 64 99 69 102 66 233 15 27 42 
98 65 91 70 94 67 234 14 29 46 
93 65 86 70 89 67 233 14 26 42 
95 58 89 64 91 60 231 14 26 43 
92 49 86 54 89 51 184 18 25 41 
92 46 85 50 88 48 242 15 26 40 
92 45 86 50 89 47 199 12 26 41 
93 45 87 50 90 47 254 15 25 40 
99 51 92 55 95 53 248 16 23 40 
112 51 105 56 108 53 219 14 28 46 
122 56 115 60 118 58 242 15 27 40 
124 55 118 60 120 57 128 12 24 40 
121 57 115 62 118 59 173 11 25 42 
116 58 109 62 112 60 245 16 24 37 
111 58 105 63 108 60 216 13 23 41 
102 56 95 61 98 58 127 11 27 43 
94 56 88 61 91 58 211 12 26 40 
93 60 87 65 89 62 203 12 26 41 
91 60 85 65 88 62 241 13 26 40 
83 57 77 62 80 59 140 11 25 41 
73 53 67 58 69 55 108 11 26 41 
68 51 62 56 64 53 236 14 23 36 
65 52 59 57 62 54 114 9 28 42 
57 50 51 55 53 52 108 10 26 41 
59 52 53 57 55 54 156 11 24 41 
76 49 69 53 72 51 205 15 24 40 
90 49 84 54 87 51 205 14 24 41 
102 51 95 56 98 53 123 12 26 43 
115 56 108 62 111 58 211 12 33 51 
124 60 118 65 121 62 203 16 24 42 
135 60 129 65 132 62 119 13 24 42 
151 61 144 65 147 63 245 17 22 37 
160 62 154 67 157 64 250 15 25 40 
168 60 162 65 164 62 221 14 23 37 
166 58 160 62 163 60 255 15 22 35 
161 59 155 64 157 61 134 9 27 41 
147 59 141 64 143 61 162 12 25 40 
129 56 122 61 125 58 160 12 29 46 
106 53 98 58 101 55 103 11 29 49 
84 51 77 56 80 53 99 10 30 46 
73 53 67 58 70 55 128 10 26 42 
67 55 62 60 64 57 142 13 20 36 
66 57 60 62 62 59 174 11 25 41 
76 55 69 60 72 57 128 11 26 46 
88 56 82 61 84 58 170 12 23 41 
94 53 88 58 91 55 254 15 23 40 
97 45 91 50 93 47 159 12 26 41 
101 42 95 47 98 44 228 15 22 40 
111 44 105 49 108 46 199 15 23 41 
124 42 117 47 120 44 115 12 30 48 
138 50 131 56 134 52 167 16 30 50 
142 57 136 62 139 59 246 15 24 40 
146 61 139 66 142 63 181 12 28 46 
146 66 140 71 143 68 252 15 23 41 
144 66 138 71 141 68 251 16 22 37 
141 67 134 72 137 69 251 15 27 42 
132 65 126 70 128 67 213 14 24 41 
114 58 107 64 110 60 198 14 28 48 
94 51 86 56 90 53 218 13 32 51 
76 44 69 49 72 46 200 13 30 47 
68 42 61 47 64 44 228 13 30 45 
69 42 62 46 65 44 245 16 26 40 
85 45 78 50 81 47 145 13 26 46 
114 46 105 51 109 48 146 12 37 57 
139 47 132 52 135 49 111 11 27 47 
150 48 144 53 146 50 193 12 25 41 
150 50 144 55 147 52 255 17 22 37 
135 47 127 52 131 49 128 12 27 48 
108 44 100 49 104 46 206 15 29 51 
82 42 73 46 77 44 225 18 28 50 
55 44 47 49 50 46 176 13 30 51 
37 47 31 52 33 49 189 11 25 41 
45 47 38 52 41 49 133 11 26 44 
69 46 60 51 64 48 136 12 33 53 
97 46 90 51 93 48 120 13 26 48 
121 49 114 53 117 51 231 19 22 40 
137 50 130 55 133 52 124 13 27 44 
142 50 136 55 139 52 251 15 23 40 
143 52 137 57 140 54 175 12 25 41 
145 49 139 54 142 51 238 14 25 40 
134 46 127 51 130 48 210 16 26 42 
112 44 105 48 108 46 235 17 24 40 
99 40 93 45 96 42 142 12 24 42 
92 46 85 51 88 48 228 14 27 43 
87 49 81 54 83 51 250 14 25 41 
82 52 75 56 78 54 255 17 23 40 
75 51 69 56 72 53 234 14 25 41 
