0.111546 ,
0.066834 ,
0.712458 ,
0.415302 ,
0.690142 ,
1.231153 ,
0.091279 ,
0.579918 ,
0.814084 ,
-0.371904 ,
0.903456 ,
0.395863 ,
0.972286 ,
0.013314 ,
0.664921 ,
0.791246 ,
0.323376 ,
-0.001997 ,
0.279546 ,
-0.180798 ,
0.172088 ,
0.476084 ,
0.259609 ,
0.448981 ,
0.176013 ,
0.593384 ,
0.274231 ,
0.858124 ,
0.400105 ,
0.801189 ,
0.112489 ,
0.296790 ,
-0.028835 ,
0.161190 ,
0.494871 ,
0.775561 ,
0.802190 ,
0.390210 ,
0.024913 ,
0.689745 ,
0.349704 ,
0.286022 ,
0.597102 ,
0.022585 ,
0.191456 ,
0.447767 ,
1.170114 ,
0.389301 ,
