0.296930 ,
1.830716 ,
0.133061 ,
-0.993613 ,
-1.135451 ,
3.162312 ,
-0.813084 ,
-0.664717 ,
2.422330 ,
-2.963669 ,
0.011079 ,
0.209354 ,
1.414813 ,
-1.651173 ,
-0.249718 ,
3.457687 ,
0.436085 ,
1.357501 ,
-3.222997 ,
-2.902624 ,
-0.941866 ,
-0.809565 ,
1.427268 ,
0.845398 ,
-1.003731 ,
-3.626644 ,
-2.631160 ,
1.135483 ,
0.094380 ,
0.798505 ,
-2.714290 ,
-0.605446 ,
-0.520859 ,
-1.144335 ,
-0.716259 ,
-2.626445 ,
-0.987405 ,
-0.500686 ,
0.366877 ,
-1.020671 ,
1.014936 ,
-0.222807 ,
-1.771077 ,
-2.107482 ,
-0.336492 ,
0.150735 ,
3.004304 ,
-1.668946 ,
