137 46 133 47 135 46 255 228 4 5 
131 45 129 45 130 45 255 248 2 3 
125 43 124 44 124 43 255 230 4 4 
140 39 138 40 139 39 255 251 3 3 
136 37 130 39 132 38 255 241 9 9 
127 36 125 37 126 36 255 246 5 5 
142 50 141 51 141 50 252 220 4 4 
139 50 137 50 138 50 255 253 2 3 
134 49 133 49 133 49 255 252 2 2 
130 48 128 49 129 48 255 216 5 5 
145 43 144 44 144 43 255 241 4 4 
141 42 136 43 138 42 255 249 7 7 
132 41 130 42 130 41 255 250 5 5 
148 53 146 54 147 53 255 217 5 5 
144 52 138 54 141 53 255 194 8 11 
136 52 134 53 135 52 249 221 5 5 
150 45 139 47 144 45 255 235 16 18 
137 45 135 46 136 45 255 219 6 6 
157 56 156 57 156 56 255 189 4 4 
154 56 144 57 149 56 255 173 17 22 
159 49 149 50 154 49 255 196 20 20 
146 49 145 50 145 49 255 246 4 4 
159 55 156 56 157 55 255 214 5 6 
165 54 161 55 162 54 255 219 5 6 
168 53 167 54 167 53 255 214 3 3 
158 47 156 48 156 47 255 251 5 5 
162 46 160 47 161 46 255 242 4 4 
166 45 164 46 165 45 255 244 4 4 
169 44 168 45 168 44 255 232 3 3 
171 48 169 49 170 48 255 226 4 4 
180 44 173 47 176 45 255 232 8 9 
180 35 168 41 173 38 255 246 13 14 
181 41 180 42 180 41 255 211 3 3 
186 37 184 39 185 38 249 205 3 4 
180 32 178 34 179 33 255 242 4 4 
186 26 182 31 184 28 248 236 9 9 
40 8 39 10 39 8 82 66 5 5 
36 5 35 8 35 6 49 41 4 7 
49 28 47 30 48 28 88 76 6 6 
45 27 42 30 43 28 51 42 5 10 
13 16 11 19 11 17 43 30 6 7 
60 36 59 37 59 36 186 127 4 4 
56 36 53 37 54 36 81 65 5 8 
19 33 17 35 18 34 52 36 6 7 
37 47 34 49 35 47 65 49 6 7 
80 44 78 45 78 44 249 141 5 5 
75 44 73 47 73 45 111 74 7 9 
5 22 3 25 3 23 78 71 7 8 
59 46 56 48 57 47 71 50 7 8 
98 42 95 43 96 42 124 113 7 8 
103 41 101 43 102 42 190 148 5 6 
21 25 17 27 19 26 93 80 5 7 
80 45 77 47 78 46 74 51 6 7 
118 37 118 37 118 37 108 108 1 1 
125 36 123 36 124 36 167 143 3 3 
119 34 116 36 117 34 193 146 4 4 
123 33 122 34 122 33 246 203 3 3 
36 32 31 34 33 33 82 73 9 12 
108 43 104 44 106 43 76 56 10 10 
61 34 55 35 57 34 81 72 8 12 
142 28 142 28 142 28 236 236 1 1 
145 27 144 28 144 27 210 156 2 3 
150 26 148 27 149 26 253 207 4 4 
135 38 132 39 133 38 70 67 8 8 
87 30 81 32 83 31 76 69 12 17 
169 24 169 24 169 24 175 175 1 1 
168 20 166 21 167 20 234 185 3 4 
173 18 171 19 172 18 253 209 3 3 
15 9 13 10 13 9 118 98 3 4 
19 6 17 8 17 7 184 145 5 5 
11 6 9 8 10 6 104 92 5 5 
14 2 12 4 13 2 206 175 5 5 
19 69 14 75 16 72 21 16 0 16 
175 45 173 46 174 45 29 22 0 4 
162 40 159 41 160 40 90 76 7 7 
111 33 111 33 111 33 91 91 1 1 
115 32 114 33 114 32 99 90 4 4 
108 31 108 33 108 32 79 71 3 3 
186 20 186 21 186 20 184 150 2 2 
41 9 39 10 40 9 223 174 4 4 
37 9 29 13 32 10 162 97 10 11 
36 7 36 7 36 7 181 181 1 1 
34 5 32 6 33 5 222 187 4 4 
37 65 27 72 31 69 25 17 0 61 
186 48 186 48 186 48 32 32 0 1 
175 42 173 44 174 42 108 69 6 7 
131 34 130 36 130 35 105 81 6 6 
127 34 127 35 127 34 98 98 2 2 
124 33 124 35 124 34 76 68 3 3 
52 12 47 15 49 13 148 101 7 7 
45 10 44 12 44 11 140 90 4 4 
56 9 51 12 53 10 209 156 6 7 
48 7 47 8 47 7 235 196 3 3 
47 70 36 77 40 74 28 19 2 68 
179 37 177 38 177 37 86 73 4 5 
136 34 135 35 135 34 109 83 2 3 
132 34 131 36 131 34 106 89 3 4 
129 34 128 35 128 34 85 70 3 3 
56 19 51 21 53 20 158 103 7 7 
49 18 48 19 48 18 138 99 3 3 
60 16 55 18 57 17 218 163 5 6 
52 14 51 15 51 14 223 189 3 3 
54 71 43 77 48 73 25 17 0 69 
139 32 138 33 138 32 105 79 3 4 
135 32 134 33 134 32 99 85 2 3 
132 32 132 33 132 32 81 74 2 2 
181 31 179 33 180 32 116 72 8 9 
60 24 59 25 59 24 138 87 4 4 
56 23 55 24 55 23 128 83 3 3 
53 22 52 23 52 22 133 85 4 4 
63 21 61 22 62 21 184 152 3 3 
59 20 59 20 59 20 179 179 1 1 
56 18 54 19 54 18 230 150 4 5 
45 64 37 70 40 67 20 16 0 41 
186 35 185 36 185 35 30 25 1 3 
174 31 171 32 172 31 101 96 7 7 
129 29 128 30 128 29 93 84 3 3 
126 29 125 30 125 29 98 86 4 4 
123 29 122 30 122 29 73 68 2 2 
52 20 51 21 51 20 102 75 4 4 
49 18 45 19 46 18 133 83 5 6 
56 16 51 18 53 17 179 132 6 7 
49 15 47 16 48 15 244 152 4 4 
26 66 20 71 22 69 22 17 0 27 
170 29 167 30 168 29 41 28 2 6 
153 26 150 27 151 26 108 101 8 8 
105 25 98 27 101 26 97 76 12 14 
31 21 29 22 29 21 101 58 5 5 
27 20 25 21 26 20 82 55 6 6 
34 18 31 19 32 18 157 111 5 5 
29 16 27 17 27 16 163 118 4 5 
177 3 176 4 176 3 210 201 2 2 
174 2 174 2 174 2 251 251 1 1 
172 1 171 1 171 1 223 213 2 2 
146 28 142 29 144 28 45 32 8 8 
127 24 125 26 126 25 141 96 7 9 
74 24 71 25 72 24 98 68 6 6 
78 23 77 25 77 24 112 83 4 5 
11 19 9 20 9 19 52 37 4 5 
7 18 6 19 6 18 33 27 3 3 
175 14 172 16 173 14 58 36 2 7 
14 14 8 17 10 15 133 97 9 10 
158 4 157 5 157 4 246 241 2 2 
163 1 161 2 162 1 254 246 3 3 
157 1 157 1 157 1 253 253 0 1 
152 1 151 2 151 1 255 250 2 2 
134 24 131 26 132 25 61 40 6 8 
115 20 111 22 113 20 125 98 6 8 
65 19 64 20 64 19 107 97 3 3 
62 19 59 20 60 19 95 70 6 8 
3 16 2 17 2 16 39 28 1 3 
166 12 162 14 164 13 76 62 9 11 
7 11 2 14 4 12 103 86 6 7 
147 1 146 2 146 1 248 242 1 2 
126 18 122 19 124 18 70 53 9 9 
1 17 1 18 1 17 24 22 2 2 
101 16 101 16 101 16 97 97 1 1 
56 16 55 17 55 16 123 93 3 3 
53 16 50 18 51 17 103 62 6 9 
106 15 103 16 104 15 139 108 6 6 
159 5 153 6 156 5 120 74 8 9 
121 16 118 17 119 16 82 61 7 8 
48 14 45 15 46 14 95 64 7 8 
51 13 50 15 50 13 117 83 5 5 
100 12 96 13 98 12 144 107 8 8 
152 7 152 7 152 7 75 75 1 1 
157 4 152 6 154 4 119 89 8 9 
38 17 35 18 36 17 101 70 6 6 
41 16 40 17 40 16 121 81 4 4 
111 13 107 14 109 13 87 67 10 10 
90 11 87 12 88 11 134 109 6 6 
85 11 85 12 85 11 106 100 2 2 
29 17 27 18 28 17 106 76 4 4 
32 16 31 17 31 16 118 95 3 3 
101 9 97 10 99 9 103 72 7 8 
81 8 81 8 81 8 123 123 1 1 
79 8 77 9 78 8 147 120 4 4 
75 8 75 9 75 8 127 100 2 2 
21 17 21 17 21 17 74 74 1 1 
26 15 24 17 24 16 102 81 4 5 
93 10 90 12 91 10 109 71 4 7 
68 9 68 9 68 9 114 114 1 1 
72 8 70 10 70 9 132 93 4 6 
14 19 10 21 12 20 97 75 7 8 
54 9 54 9 54 9 100 100 1 1 
81 8 77 9 79 8 100 74 9 10 
60 7 60 7 60 7 92 92 1 1 
58 7 56 9 57 8 143 107 6 7 
10 21 6 23 8 22 117 69 7 8 
48 8 48 9 48 8 113 83 2 2 
75 7 71 8 73 7 114 75 9 10 
54 7 50 9 52 8 146 97 7 7 
15 14 11 16 13 15 93 75 7 7 
82 5 78 7 79 6 108 70 8 12 
54 5 54 6 54 5 105 94 2 2 
60 4 60 5 60 4 105 98 2 2 
58 4 56 6 57 5 160 97 6 7 
16 10 12 12 13 11 124 81 4 6 
10 12 10 12 10 12 56 56 1 1 
13 9 11 10 12 9 105 72 4 5 
16 6 12 9 13 7 121 67 6 8 
18 5 15 8 16 6 110 75 6 9 
33 2 29 3 31 2 143 90 4 5 
30 5 30 5 30 5 86 86 1 1 
34 3 32 5 32 4 130 95 4 5 
37 10 33 12 35 11 109 75 6 8 
106 6 100 8 103 7 120 97 10 12 
82 4 82 5 82 4 129 126 2 2 
79 4 79 6 79 5 154 140 3 3 
77 4 76 6 76 4 127 88 4 4 
43 13 39 15 40 13 130 80 6 8 
2 13 1 13 1 13 46 33 1 2 
111 10 106 12 108 10 122 98 7 10 
88 8 87 9 87 8 131 104 2 2 
85 8 84 9 84 8 159 139 3 3 
82 8 82 9 82 8 133 131 2 2 
44 17 42 19 43 17 110 91 4 6 
113 15 107 17 109 15 134 92 9 12 
89 13 89 14 89 13 128 125 2 2 
86 13 86 14 86 13 158 150 2 2 
83 13 83 14 83 13 89 83 2 2 
4 13 1 15 2 13 59 40 5 6 
46 19 42 21 43 20 98 75 7 11 
114 17 111 19 112 17 119 92 6 9 
109 17 108 18 108 17 143 117 3 3 
90 15 90 16 90 15 132 132 2 2 
88 15 87 17 87 16 138 132 4 4 
85 15 84 16 84 15 137 99 3 4 
4 14 2 15 2 14 64 49 4 5 
44 20 40 22 41 21 111 77 6 10 
112 19 110 20 111 19 112 91 4 6 
108 18 107 20 107 18 142 107 4 4 
89 16 89 16 89 16 79 79 1 1 
86 16 86 18 86 17 149 139 3 3 
83 16 83 18 83 17 135 127 2 3 
3 14 1 15 1 14 60 45 4 5 
48 18 44 20 46 19 109 91 5 8 
118 16 115 17 116 16 114 87 4 7 
113 15 112 17 112 15 145 105 4 4 
5 14 2 16 3 15 66 48 5 6 
93 13 93 15 93 14 135 128 3 3 
91 13 90 15 90 13 149 135 4 4 
87 13 87 15 87 14 88 82 3 3 
8 14 6 15 6 14 72 49 5 5 
54 13 50 15 52 14 132 80 8 10 
126 9 124 10 124 9 101 91 2 5 
122 8 120 10 121 9 139 103 6 7 
101 6 98 8 99 7 152 123 8 10 
95 6 95 8 95 7 104 103 3 3 
21 17 21 17 21 17 36 36 1 1 
18 16 17 17 17 16 102 61 4 4 
68 15 65 16 66 15 120 72 4 7 
140 8 135 11 137 9 122 102 9 14 
116 7 116 9 116 8 107 105 3 3 
113 7 110 9 111 8 147 121 8 11 
31 26 31 26 31 26 17 17 1 1 
32 23 30 24 31 23 100 62 4 4 
83 22 80 24 81 23 114 90 6 9 
130 12 130 14 130 13 105 99 3 3 
127 12 124 14 125 12 155 130 7 9 
153 11 151 13 152 12 111 100 3 7 
149 11 148 13 148 12 136 120 4 4 
49 6 48 6 48 6 247 236 2 2 
51 4 50 5 50 4 255 231 2 2 
44 4 43 4 43 4 249 249 2 2 
47 3 47 3 47 3 255 255 1 1 
50 24 50 24 50 24 66 66 1 1 
46 23 45 24 45 23 89 57 4 4 
102 19 97 21 99 20 121 89 6 11 
144 7 143 9 143 8 146 134 5 6 
140 6 140 7 140 6 115 111 2 2 
63 5 60 6 61 5 248 218 3 4 
168 4 163 7 165 5 120 101 10 18 
62 3 62 3 62 3 239 239 1 1 
57 3 56 4 56 3 255 216 3 3 
72 24 68 25 69 24 97 75 2 6 
125 17 123 19 124 18 103 94 7 9 
77 5 76 5 76 5 254 250 2 2 
85 4 82 6 83 5 249 200 5 7 
163 2 161 3 162 2 133 121 4 6 
78 2 77 2 77 2 246 193 2 2 
95 26 90 26 92 26 113 104 2 6 
146 15 143 17 144 15 105 98 5 8 
103 4 100 6 101 5 255 198 4 9 
96 3 95 6 95 4 255 201 6 6 
118 21 116 22 116 21 70 51 4 5 
114 21 113 22 113 21 89 66 4 4 
164 8 162 10 163 8 104 94 5 8 
130 20 129 21 129 20 139 86 4 4 
175 4 173 7 173 5 123 98 4 7 
141 18 141 18 141 18 71 71 1 1 
137 18 136 19 136 18 185 92 4 4 
179 2 177 4 178 3 110 89 3 7 
137 18 132 19 134 18 131 90 7 9 
178 3 176 5 177 4 107 95 5 7 
104 23 99 24 102 23 94 67 3 8 
155 12 152 14 153 13 103 90 8 10 
112 3 110 3 111 3 206 191 3 3 
107 3 107 3 107 3 119 119 1 1 
105 2 104 3 104 2 255 177 2 2 
112 1 112 1 112 1 205 205 1 1 
56 27 56 27 56 27 17 17 1 1 
63 24 60 25 61 24 87 61 1 5 
58 24 56 25 57 24 123 65 6 6 
117 19 113 21 115 20 105 89 9 12 
76 5 75 5 75 5 206 198 2 2 
158 4 156 7 157 5 134 129 7 9 
72 4 72 4 72 4 222 222 1 1 
69 3 68 3 68 3 255 253 2 2 
176 2 174 4 175 3 108 100 7 9 
75 2 75 2 75 2 247 247 1 1 
22 19 21 19 21 19 31 27 2 2 
28 17 28 17 28 17 90 90 1 1 
80 16 76 17 78 16 100 97 4 8 
23 16 22 17 22 16 150 104 3 3 
153 9 148 11 150 10 116 104 7 14 
129 8 126 10 127 9 137 124 4 12 
10 16 9 16 9 16 25 20 2 2 
7 15 7 15 7 15 37 37 1 1 
60 14 56 17 57 15 128 90 7 13 
136 12 134 14 135 13 105 99 4 6 
132 11 130 14 131 12 122 108 4 7 
11 11 6 13 8 12 111 95 6 7 
112 9 112 10 112 9 113 109 2 2 
109 9 108 11 108 10 152 138 6 6 
105 9 105 11 105 10 108 102 3 3 
123 12 121 14 122 13 118 93 4 6 
47 12 42 15 44 13 146 93 8 13 
119 11 118 13 118 12 160 119 2 4 
2 9 1 10 1 9 74 37 2 3 
99 8 99 9 99 8 126 119 2 2 
96 8 95 10 95 9 191 165 4 4 
93 7 92 10 92 8 144 114 4 4 
121 9 118 11 119 10 123 93 5 7 
42 9 37 12 39 10 162 87 8 14 
116 8 114 10 115 9 137 123 4 5 
92 5 92 7 92 6 193 168 3 3 
89 5 88 7 88 6 159 132 2 3 
96 4 95 6 95 4 155 131 3 4 
38 7 37 9 37 8 127 82 2 5 
121 6 118 9 119 7 126 104 5 8 
116 6 115 7 115 6 169 140 3 3 
41 6 40 8 40 7 165 106 3 4 
95 3 95 3 95 3 140 140 1 1 
92 2 92 4 92 3 188 164 3 3 
89 2 88 4 88 2 165 120 5 5 
33 9 32 10 32 9 107 98 2 2 
117 8 115 10 115 9 135 101 4 7 
34 8 34 8 34 8 131 131 1 1 
113 7 111 9 112 8 168 166 3 3 
37 7 36 9 36 8 153 119 4 4 
91 5 91 5 91 5 145 145 1 1 
88 4 88 5 88 4 194 187 2 2 
85 3 85 5 85 4 159 145 3 3 
92 2 92 3 92 2 156 152 2 2 
89 2 89 2 89 2 180 180 1 1 
28 8 26 9 27 8 93 78 3 3 
113 7 110 9 111 7 129 104 5 8 
108 6 106 8 106 6 154 133 4 5 
31 6 30 8 30 7 156 136 3 3 
86 2 86 3 86 2 136 121 2 2 
83 2 82 4 82 3 192 169 4 4 
79 2 79 4 79 3 131 123 3 3 
96 8 93 10 94 9 124 100 3 7 
92 7 89 9 90 8 154 142 4 4 
14 5 14 5 14 5 86 86 1 1 
18 4 16 6 16 5 122 102 4 6 
70 2 70 3 70 2 137 121 2 2 
67 2 66 4 66 2 180 155 4 5 
63 2 63 2 63 2 132 132 1 1 
75 12 72 14 73 13 120 98 3 7 
71 11 68 13 69 12 148 133 4 4 
44 5 44 5 44 5 141 141 1 1 
45 3 45 3 45 3 163 163 1 1 
49 2 46 6 47 3 184 162 6 6 
5 2 4 2 4 2 70 57 2 2 
67 11 65 14 65 12 127 100 3 6 
62 11 60 12 61 11 182 138 4 4 
64 10 64 10 64 10 140 140 1 1 
41 3 40 4 40 3 158 151 2 2 
55 12 53 13 54 12 107 103 2 4 
53 9 50 11 51 9 133 124 3 5 
48 9 45 10 46 9 125 111 2 5 
41 8 41 8 41 8 156 156 1 1 
47 7 47 7 47 7 130 130 1 1 
45 6 44 6 44 6 161 142 2 2 
38 7 35 8 36 7 139 112 2 5 
36 3 32 6 33 4 171 143 4 6 
35 5 33 6 34 5 127 115 1 4 
33 2 29 4 31 2 172 145 4 5 
35 2 32 5 33 3 137 109 4 6 
29 2 29 2 29 2 147 147 1 1 
40 6 36 9 37 7 130 104 3 8 
37 3 33 6 35 4 186 159 4 5 
45 4 43 6 44 5 132 112 2 4 
45 2 45 2 45 2 149 149 1 1 
41 2 39 3 40 2 186 137 2 4 
32 2 32 2 32 2 123 123 1 1 
41 2 41 2 41 2 114 114 1 1 
63 2 63 2 63 2 136 136 1 1 
64 3 64 3 64 3 111 111 1 1 
68 2 67 3 67 2 140 125 1 3 
61 2 61 2 61 2 112 112 1 1 
3 7 1 9 1 8 64 46 6 6 
72 3 72 4 72 3 127 124 2 2 
77 2 75 5 75 3 140 127 2 4 
69 2 68 3 68 2 172 146 2 3 
5 10 3 11 4 10 89 75 5 6 
81 2 79 6 80 4 154 136 4 5 
77 2 76 5 76 3 151 130 4 5 
73 2 72 5 72 3 186 147 4 5 
5 10 3 12 4 10 93 72 5 7 
82 3 80 6 81 4 165 142 3 4 
74 3 73 4 73 3 158 148 2 2 
78 2 77 5 77 3 165 153 3 4 
4 8 2 11 3 9 83 64 5 7 
80 4 78 6 79 5 150 132 3 3 
77 2 75 5 75 3 175 142 5 6 
73 2 71 4 72 2 180 141 4 4 
4 9 2 11 3 9 84 61 6 7 
9 11 7 13 7 12 97 78 7 8 
16 16 14 18 15 16 86 76 6 8 
61 2 61 2 61 2 109 109 1 1 
54 2 53 3 53 2 133 127 2 2 
24 17 21 20 22 18 124 68 5 11 
65 2 65 2 65 2 182 182 1 1 
62 2 61 3 61 2 132 128 2 2 
32 18 32 18 32 18 128 128 1 1 
30 17 29 19 29 17 133 75 4 5 
4 4 2 7 2 5 99 65 8 10 
28 16 25 18 26 16 136 91 4 6 
1 3 1 3 1 3 16 16 0 1 
10 9 7 11 8 10 96 76 6 7 
1 7 1 7 1 7 21 21 0 1 
18 12 16 13 17 12 106 80 4 5 
40 17 40 18 40 17 95 65 2 2 
37 16 35 17 36 16 122 99 4 4 
5 10 4 11 4 10 152 135 4 4 
22 29 21 30 21 29 27 21 0 3 
57 18 55 19 55 18 125 98 5 5 
22 16 22 17 22 16 109 104 2 2 
19 15 18 16 18 15 184 150 4 4 
75 19 73 20 74 19 127 102 5 5 
36 17 35 18 35 17 117 111 2 2 
33 17 31 18 32 17 216 187 4 4 
87 16 87 16 87 16 61 61 1 1 
84 15 82 16 83 15 99 79 6 6 
46 15 44 16 45 15 176 147 5 5 
42 15 41 16 41 15 132 123 3 3 
59 14 58 15 58 14 249 191 4 4 
63 13 62 14 62 13 116 108 4 4 
104 11 101 12 102 11 115 106 7 7 
68 12 66 13 67 12 133 120 6 6 
63 12 62 14 62 12 198 123 5 5 
111 8 107 9 109 8 119 102 10 10 
55 2 54 2 54 2 116 112 2 2 
51 1 49 2 50 1 248 195 3 3 
40 1 39 2 39 1 243 231 2 2 
51 4 50 6 50 5 248 162 5 5 
56 3 54 5 55 4 123 116 6 7 
69 3 66 5 67 3 213 127 7 7 
72 2 72 3 72 2 126 121 2 2 
7 10 5 11 6 10 102 72 5 6 
7 10 4 11 5 10 104 68 6 6 
6 10 4 11 4 10 94 75 4 5 
5 10 2 11 3 10 98 63 6 7 
4 9 2 11 3 9 91 55 6 7 
3 8 2 9 2 8 85 59 4 4 
3 7 1 9 2 8 76 44 5 7 
110 97 110 97 110 97 43 43 1 1 
3 7 1 8 2 7 80 46 5 5 
113 104 112 105 112 104 180 127 4 4 
3 7 1 9 2 8 85 48 5 7 
109 111 108 112 108 111 255 199 4 4 
106 115 105 116 105 115 255 206 4 4 
104 118 103 119 103 118 255 141 4 4 
88 119 88 119 88 119 16 16 0 1 
4 9 2 11 2 9 81 57 7 7 
118 115 117 116 117 115 255 188 4 4 
8 8 7 10 7 9 85 75 5 6 
126 109 125 110 125 109 131 94 3 3 
17 8 16 10 16 9 97 81 5 6 
136 107 136 107 136 107 47 47 1 1 
29 6 27 7 28 6 124 87 4 5 
33 2 30 4 31 2 142 86 6 6 
