90 73 86 74 88 73 255 255 10 10 
90 73 87 75 88 73 255 214 8 10 
90 74 87 75 88 74 255 228 8 8 
89 73 86 74 87 73 255 226 7 8 
89 72 86 73 87 72 255 253 8 8 
89 72 85 73 87 72 255 254 10 10 
89 72 86 73 87 72 255 240 7 7 
91 73 88 74 89 73 255 238 7 7 
92 71 89 73 90 71 255 228 7 10 
94 71 91 72 92 71 255 253 8 8 
95 73 91 74 92 73 255 254 9 9 
95 75 91 76 93 75 255 255 10 10 
96 76 91 77 93 76 255 255 12 12 
96 76 92 77 94 76 255 255 10 10 
98 77 93 78 95 77 255 254 11 11 
100 74 95 75 97 74 255 255 12 12 
103 74 97 75 100 74 255 254 13 13 
104 74 98 76 101 75 255 253 12 16 
102 78 96 80 98 79 255 255 13 18 
100 82 95 84 97 82 255 254 10 13 
101 83 95 85 97 83 255 254 12 16 
101 83 95 85 98 84 255 255 14 19 
101 84 95 86 97 84 255 254 10 14 
100 84 94 86 97 85 255 254 11 17 
101 82 94 84 97 83 255 255 16 23 
101 81 93 83 96 82 255 254 18 26 
101 79 92 82 96 80 255 255 16 30 
101 79 91 82 96 80 255 255 18 32 
104 80 93 83 98 81 255 255 20 37 
105 81 94 85 99 82 255 255 16 38 
106 78 95 82 100 80 255 255 17 43 
107 79 96 83 101 81 255 254 21 47 
107 83 96 87 101 84 255 254 20 46 
108 83 96 87 102 84 255 255 17 42 
108 84 95 88 101 85 255 254 23 54 
107 85 94 89 100 87 255 254 25 58 
108 85 94 90 100 88 255 254 21 62 
108 89 94 94 101 91 255 254 24 71 
109 91 94 97 101 93 255 254 28 84 
109 92 93 98 100 95 255 255 26 93 
108 93 91 100 99 96 255 254 26 109 
111 93 92 101 101 96 255 254 33 134 
111 93 92 102 101 97 255 254 31 153 
112 92 92 101 102 96 255 254 35 173 
113 90 93 100 102 95 255 254 34 177 
113 91 93 100 102 95 255 254 33 179 
113 94 93 104 102 99 255 254 32 175 
116 95 94 105 104 100 255 254 37 199 
117 97 95 108 105 102 255 254 38 216 
118 99 95 110 106 104 255 254 41 236 
118 100 95 112 106 105 255 254 39 256 
118 100 94 113 105 106 255 254 42 274 
119 101 94 115 106 107 255 254 40 290 
120 102 94 116 106 109 255 254 44 312 
123 103 96 118 109 110 255 254 43 345 
123 104 96 119 109 111 255 254 47 369 
123 105 94 119 108 112 255 254 52 376 
123 106 94 119 108 112 255 254 54 366 
123 105 94 119 108 112 255 254 54 372 
124 104 96 119 109 111 255 254 51 373 
124 102 98 117 110 109 255 254 41 347 
123 100 98 114 110 106 255 254 42 302 
121 97 97 110 108 103 255 254 39 269 
118 95 95 106 106 100 255 254 37 233 
117 92 95 103 105 97 255 254 37 210 
118 90 97 100 106 94 255 254 38 190 
123 89 104 98 113 93 255 254 29 163 
130 88 111 97 120 92 255 254 35 158 
132 88 113 97 122 92 255 254 31 155 
134 88 115 97 124 92 255 254 32 152 
135 88 117 96 125 92 255 254 30 147 
135 88 117 97 125 92 255 254 29 145 
138 88 119 97 128 92 255 254 32 145 
141 88 123 96 131 92 255 254 34 140 
145 87 128 96 136 91 255 254 28 136 
148 87 131 95 139 91 255 254 28 135 
150 87 133 96 141 91 255 254 27 133 
152 87 135 96 143 91 255 254 27 132 
154 87 137 96 145 91 255 254 29 135 
154 88 138 96 146 92 255 254 30 130 
153 88 136 96 144 92 255 254 32 133 
148 88 131 96 139 92 255 254 30 132 
138 90 120 98 128 93 255 254 32 135 
126 90 108 98 116 94 255 254 34 138 
116 91 98 99 106 94 255 254 28 140 
109 92 90 100 99 96 255 254 33 141 
100 93 81 101 90 96 255 254 34 143 
92 93 73 102 82 97 255 254 33 146 
85 93 66 102 75 97 255 254 32 151 
79 93 60 102 69 97 255 254 33 150 
77 94 58 102 66 98 255 254 26 148 
73 94 54 102 63 98 255 254 34 151 
69 93 50 102 59 97 255 254 36 159 
67 93 48 103 57 97 255 254 31 161 
71 94 52 103 61 98 255 254 36 160 
76 93 56 102 66 97 255 254 30 163 
83 94 63 103 72 98 255 254 33 165 
91 92 70 102 80 97 255 254 35 178 
96 93 75 103 85 97 255 254 37 184 
100 93 80 103 89 97 255 254 33 182 
103 94 82 103 92 98 255 254 38 183 
106 94 85 104 95 99 255 254 34 178 
109 94 88 104 98 99 255 254 37 189 
113 94 91 104 101 99 255 254 35 193 
115 95 94 105 104 100 255 254 35 203 
116 97 94 107 105 101 255 254 36 211 
118 99 95 110 106 104 255 254 41 230 
119 101 96 113 107 107 255 254 39 250 
119 103 95 116 106 109 255 254 42 274 
122 106 96 119 108 112 255 254 51 309 
125 107 98 119 111 113 255 254 55 307 
129 109 101 119 115 114 255 254 55 263 
134 110 106 119 120 115 255 254 54 248 
136 111 108 119 122 115 255 254 51 226 
136 110 108 119 122 115 255 254 58 249 
135 107 108 119 121 113 255 254 55 314 
131 104 106 118 118 110 255 254 40 323 
128 99 105 111 116 105 255 254 40 259 
125 94 103 104 114 99 255 254 37 204 
124 90 104 100 113 95 255 254 37 186 
125 89 106 98 115 93 255 254 33 166 
127 89 107 98 117 93 255 254 38 177 
130 89 109 99 119 94 255 254 35 198 
134 90 112 102 122 95 255 254 35 239 
137 93 114 106 125 99 255 254 37 270 

