90 72 87 73 88 72 255 248 6 7 
90 71 87 72 88 71 255 253 8 8 
90 71 86 72 88 71 255 255 10 10 
90 70 86 71 88 70 255 255 10 10 
91 70 87 71 89 70 255 255 10 10 
94 68 89 69 91 68 255 254 12 12 
94 66 91 68 92 66 255 227 7 10 
96 67 91 68 93 67 255 223 12 12 
97 68 93 70 95 69 255 254 10 13 
99 71 94 72 96 71 255 255 12 12 
100 73 95 74 97 73 255 254 11 11 
101 77 96 79 98 77 255 254 10 12 
102 78 97 79 99 78 255 255 12 12 
101 78 97 80 99 79 255 254 12 15 
102 78 96 79 98 78 255 254 13 13 
102 77 96 79 99 78 255 254 13 17 
103 77 96 79 99 78 255 253 14 18 
105 77 99 79 102 78 255 254 15 20 
110 75 105 77 107 75 255 254 10 13 
113 74 106 76 109 75 255 254 16 23 
115 77 108 79 111 78 255 255 16 23 
115 77 106 79 110 78 255 255 17 25 
115 78 107 81 110 79 255 254 15 27 
115 80 106 83 110 81 255 255 19 34 
112 80 102 83 106 81 255 255 17 35 
107 82 95 86 100 83 255 254 18 43 
100 85 89 88 94 86 255 255 17 38 
96 85 83 89 89 86 255 254 18 48 
98 84 84 88 91 86 255 254 24 60 
101 85 87 90 93 87 255 254 24 69 
104 87 90 92 96 89 255 254 27 76 
106 88 91 94 98 91 255 254 27 89 
108 89 91 96 99 92 255 254 28 107 
110 89 92 97 100 92 255 254 31 129 
112 90 92 99 101 94 255 254 31 153 
113 92 93 101 102 96 255 254 34 173 
115 95 94 105 103 100 255 254 34 187 
116 96 94 107 104 101 255 254 31 214 
120 99 96 111 107 105 255 254 43 248 
123 101 98 115 110 107 255 254 39 287 
125 103 100 117 112 110 255 254 35 319 
128 105 101 119 113 112 255 254 51 356 
130 106 102 119 115 112 255 254 55 353 
130 106 103 119 116 113 255 254 54 342 
132 106 104 119 117 113 255 254 56 338 
134 107 105 119 119 113 255 254 54 330 
135 108 107 119 121 114 255 254 56 306 
136 108 107 119 121 114 255 254 57 294 
138 108 108 119 123 114 255 254 56 310 
140 109 110 119 125 114 255 254 55 271 
141 110 110 119 125 115 255 254 60 264 
141 109 110 119 125 114 255 254 59 281 
140 108 111 119 125 114 255 254 54 294 
140 107 111 119 125 113 255 254 58 331 
140 105 113 119 125 112 255 254 48 355 
138 104 112 119 124 111 255 254 50 353 
138 102 112 117 124 109 255 254 38 322 
136 101 112 114 123 107 255 254 38 287 
134 99 111 112 122 105 255 254 44 271 
135 98 112 110 123 103 255 254 44 246 
135 96 113 107 124 101 255 254 35 225 
136 95 115 106 125 100 255 254 38 210 
139 95 117 106 127 100 255 254 40 216 
141 96 120 108 130 101 255 254 36 224 
143 98 121 110 132 104 255 254 34 240 
144 100 122 113 132 106 255 254 38 259 
146 102 123 115 134 108 255 254 38 277 
147 103 123 117 134 110 255 254 41 305 
147 104 122 119 134 111 255 254 47 328 
146 106 121 119 133 112 255 254 47 319 
146 107 120 119 133 113 255 254 51 303 
147 108 120 119 134 114 255 254 54 279 
147 108 120 119 133 114 255 254 51 275 
147 110 119 119 133 115 255 254 47 246 
147 110 119 119 133 115 255 254 53 239 
148 111 119 119 133 115 255 254 51 220 
148 111 119 119 134 115 255 254 54 208 
149 112 119 119 134 116 255 254 53 188 
149 112 120 119 135 116 255 254 50 176 
153 113 100 119 135 116 255 247 56 164 
166 113 122 119 138 116 255 243 49 148 
166 114 123 119 138 117 255 245 50 131 
