83 66 81 67 82 66 247 127 3 4 
83 69 82 70 82 69 128 86 4 4 
84 71 82 72 83 71 252 130 3 4 
84 72 83 73 83 72 129 83 4 4 
84 72 83 73 83 72 126 83 4 4 
85 72 84 73 84 72 242 153 3 3 
86 71 85 72 85 71 111 84 4 4 
87 70 85 71 86 70 112 63 6 6 
88 69 86 69 87 69 255 170 2 3 
88 69 87 70 87 69 110 84 4 4 
87 69 86 70 86 69 214 107 4 4 
85 67 84 68 84 67 147 84 4 4 
81 64 80 65 80 64 189 122 3 3 
76 62 74 63 75 62 188 99 3 4 
69 61 68 62 68 61 150 86 4 4 
63 61 62 62 62 61 157 97 4 4 
55 64 54 65 54 64 167 105 3 3 
45 64 44 65 44 64 128 77 4 4 
37 65 36 66 36 65 247 140 3 3 
37 63 36 63 36 63 234 204 2 2 
47 62 45 62 46 62 197 148 2 3 
63 59 61 60 62 59 103 68 5 5 
78 58 77 59 77 58 150 100 3 3 
93 59 92 60 92 59 98 84 4 4 
107 59 106 60 106 59 149 78 4 4 
119 60 118 61 118 60 242 147 3 3 
126 59 124 60 125 59 108 64 6 6 
128 58 127 59 127 58 138 83 4 4 
131 59 130 60 130 59 221 117 4 4 
138 57 137 58 137 57 136 86 4 4 
146 56 145 56 145 56 222 198 2 2 
145 55 144 56 144 55 96 82 4 4 
138 55 137 56 137 55 138 82 4 4 
126 58 124 59 124 58 217 106 4 5 
112 60 111 61 111 60 184 117 3 3 
99 62 97 62 98 62 227 179 2 3 
84 61 82 62 83 61 131 68 5 5 
71 61 70 62 70 61 152 90 4 4 
60 61 59 62 59 61 185 105 4 4 
56 60 55 61 55 60 176 96 4 4 
59 61 58 62 58 61 180 93 4 4 
68 62 67 63 67 62 208 113 4 4 
77 60 76 61 76 60 149 98 4 4 
82 58 81 59 81 58 197 136 3 3 
84 58 83 59 83 58 168 90 4 4 
84 58 82 59 83 58 218 123 3 4 
75 58 74 59 74 58 155 96 4 4 
68 59 67 60 67 59 121 92 4 4 
59 60 57 61 58 60 122 78 6 6 
54 62 53 63 53 62 118 87 4 4 
50 62 49 62 49 62 254 231 2 2 
59 60 58 60 58 60 251 223 2 2 
73 58 71 59 72 58 220 141 3 4 
88 57 87 58 87 57 200 106 4 4 
101 56 100 57 100 56 223 148 3 3 
112 58 111 59 111 58 255 162 3 3 
117 56 116 57 116 56 245 123 4 4 
116 56 115 57 115 56 255 121 3 4 
107 54 106 55 106 54 115 103 4 4 
94 56 93 57 93 56 236 120 4 4 
84 58 83 59 83 58 236 156 3 3 
78 59 76 60 77 59 161 96 5 5 
70 61 69 62 69 61 255 160 3 3 
68 60 67 61 67 60 239 141 2 3 
69 61 67 62 68 61 120 78 6 6 
70 58 69 60 69 59 252 115 4 4 
76 56 74 57 74 56 235 118 5 5 
86 54 85 55 85 54 253 156 3 3 
92 52 91 53 91 52 166 97 4 4 
100 53 98 54 99 53 255 155 3 4 
109 53 108 54 108 53 231 120 4 4 
118 54 117 55 117 54 243 147 2 3 
124 55 123 56 123 55 238 113 4 4 
120 56 118 57 118 56 176 89 5 5 
107 58 105 59 106 58 208 113 4 5 
91 61 90 62 90 61 157 104 4 4 
80 64 79 65 79 64 239 127 4 4 
73 67 72 68 72 67 166 112 3 3 
68 66 66 67 66 66 255 102 5 5 
65 66 63 67 63 66 134 63 5 5 
57 62 56 63 56 62 140 111 4 4 
56 61 55 62 55 61 209 115 4 4 
56 60 55 61 55 60 136 104 4 4 
54 60 53 61 53 60 168 110 4 4 
60 56 59 57 59 56 152 112 4 4 
68 59 67 60 67 59 142 117 4 4 
80 61 79 62 79 61 218 116 4 4 
90 60 89 61 89 60 120 110 4 4 
95 60 93 61 94 60 138 94 6 6 
94 59 93 60 93 59 249 132 4 4 
91 58 90 59 90 58 208 125 4 4 
86 57 85 58 85 57 253 144 4 4 
79 56 78 57 78 56 250 140 4 4 
73 59 72 60 72 59 187 132 4 4 
63 59 62 60 62 59 133 120 4 4 
53 61 52 62 52 61 147 116 4 4 
53 61 52 62 52 61 229 145 4 4 
66 59 64 60 65 59 240 129 5 5 
81 56 80 57 80 56 135 117 4 4 
94 55 93 57 93 56 255 113 4 5 
102 56 101 57 101 56 255 147 4 4 
109 54 107 55 108 54 255 133 6 6 
114 53 113 54 113 53 200 139 4 4 
118 52 117 53 117 52 192 133 4 4 
116 54 114 55 115 54 255 133 6 6 
117 55 116 56 116 55 255 152 4 4 
116 56 115 57 115 56 204 148 4 4 
114 57 113 58 113 57 149 139 4 4 
108 57 107 58 107 57 158 140 4 4 
98 57 97 58 97 57 159 138 4 4 
90 58 89 59 89 58 255 169 4 4 
88 62 87 63 87 62 200 158 4 4 
89 64 87 65 88 64 255 164 5 5 
90 65 89 66 89 65 255 162 4 4 
90 65 88 66 89 65 242 152 6 6 
91 63 90 64 90 63 253 165 4 4 
88 62 86 63 87 62 255 155 6 6 
81 62 80 63 80 62 255 156 4 4 
77 63 76 64 76 63 207 170 4 4 
70 62 69 63 69 62 180 169 4 4 
64 62 63 63 63 62 255 177 4 4 
61 62 60 63 60 62 232 170 4 4 
58 62 57 63 57 62 255 173 4 4 
56 61 54 62 55 61 255 138 5 5 
57 59 55 60 55 59 219 177 5 5 
61 61 59 62 60 61 255 156 6 6 
65 62 63 63 64 62 255 161 6 6 
69 62 68 64 68 63 255 123 5 6 
75 62 74 63 74 62 222 194 4 4 
81 59 80 60 80 59 255 174 4 4 
86 58 84 59 85 58 234 211 5 5 
95 54 93 55 94 54 250 196 6 6 
102 55 101 56 101 55 255 187 4 4 
106 55 104 56 105 55 244 208 6 6 
113 59 111 60 112 59 255 197 6 6 
119 62 118 63 118 62 255 228 4 4 
122 63 121 64 121 63 255 209 4 4 
122 63 120 64 121 63 255 202 6 6 
119 63 117 64 117 63 255 209 5 5 
114 62 112 63 113 62 255 193 6 6 
108 60 106 61 107 60 255 202 6 6 
104 60 102 61 103 60 255 216 5 5 
100 62 99 63 99 62 255 253 4 4 
95 61 93 62 94 61 255 241 6 6 
92 64 90 65 91 64 255 232 6 6 
89 63 87 64 88 63 255 225 6 6 
86 62 84 63 85 62 255 246 6 6 
82 60 80 61 80 60 255 252 5 5 
80 57 78 58 79 57 255 244 6 6 
80 56 77 57 78 56 255 201 7 7 
79 57 77 58 78 57 255 228 5 5 
84 60 81 61 82 60 255 236 7 7 
84 55 81 56 82 55 255 246 6 6 
88 57 86 58 87 57 255 224 6 6 
93 60 90 61 91 60 255 204 7 7 
98 59 96 60 97 59 255 248 6 6 
101 60 99 61 100 60 255 251 6 6 
104 61 101 62 102 61 255 239 8 8 
108 61 105 62 106 61 255 231 7 7 
109 61 106 62 107 61 255 246 7 7 
107 62 104 63 105 62 255 243 7 7 
101 62 97 63 98 62 255 254 9 9 
88 64 85 65 86 64 255 227 6 6 
78 65 74 66 76 65 255 251 10 10 
69 65 66 66 67 65 255 241 7 7 
67 67 65 68 65 67 253 212 5 5 
68 68 66 69 66 68 255 253 5 5 
73 67 70 68 71 67 255 218 7 7 
75 64 72 65 73 64 255 255 7 7 
76 62 74 63 75 62 255 252 6 6 
77 61 76 62 76 61 255 248 4 4 
78 61 76 63 77 61 255 166 5 7 
76 60 74 61 75 60 255 178 5 6 
76 62 74 63 75 62 255 207 6 6 
76 60 74 61 75 60 255 247 5 5 
83 63 81 64 81 63 255 210 5 5 
89 60 87 61 88 60 255 187 6 6 
95 61 93 62 94 61 255 178 6 6 
104 61 102 62 102 61 255 226 5 5 
112 61 111 62 111 61 255 197 4 4 
117 62 115 63 116 62 255 198 6 6 
118 61 117 62 117 61 255 178 4 4 
115 59 113 60 114 59 255 169 6 6 
108 59 107 60 107 59 255 163 4 4 
98 58 96 59 97 58 255 161 6 6 
88 60 86 61 87 60 255 167 6 6 
85 60 83 61 84 60 201 166 6 6 
75 59 74 60 74 59 255 171 4 4 
69 58 68 59 68 58 255 160 4 4 
71 56 69 57 70 56 199 150 6 6 
76 57 75 58 75 57 255 167 4 4 
84 54 83 56 83 55 255 109 6 6 
93 56 92 57 92 56 183 159 4 4 
100 56 99 57 99 56 199 156 4 4 
102 52 101 53 101 52 254 169 4 4 
103 52 102 53 102 52 255 173 4 4 
100 56 99 57 99 56 255 148 4 4 
96 59 94 60 95 59 181 123 6 6 
91 62 90 63 90 62 255 143 4 4 
88 61 87 62 87 61 220 149 4 4 
88 61 87 62 87 61 251 145 4 4 
87 60 86 61 86 60 193 144 4 4 
85 61 84 62 84 61 249 131 4 4 
81 60 79 61 80 60 249 121 6 6 
70 59 69 60 69 59 198 124 4 4 
58 59 57 60 57 59 242 152 2 3 
46 60 45 61 45 60 174 110 4 4 
37 57 36 58 36 57 110 101 4 4 
37 59 36 60 36 59 113 96 4 4 
45 60 44 61 44 60 160 104 4 4 
55 61 54 62 54 61 227 153 3 3 
67 59 66 60 66 59 161 108 4 4 
80 60 79 61 79 60 187 107 4 4 
95 61 93 62 94 61 200 95 6 6 
108 62 107 63 107 62 114 102 4 4 
120 62 119 63 119 62 202 126 4 4 
132 62 131 63 131 62 187 104 4 4 
141 62 140 63 140 62 180 122 4 4 
143 61 142 62 142 61 184 125 4 4 
140 59 139 60 139 59 156 111 4 4 
134 58 132 59 133 58 253 134 4 4 
125 56 124 57 124 56 201 124 4 4 
118 55 116 56 116 55 234 107 5 5 
113 54 112 55 112 54 220 140 4 4 
115 54 114 55 114 54 150 121 4 4 
121 53 120 54 120 53 243 145 4 4 
123 53 122 54 122 53 189 127 4 4 
127 53 126 55 126 53 255 114 5 5 
127 53 126 54 126 53 254 146 4 4 
127 53 126 54 126 53 139 124 4 4 
127 52 126 53 126 52 222 150 4 4 
129 52 127 53 128 52 255 132 6 6 
129 50 128 51 128 50 253 157 4 4 
129 49 128 50 128 49 253 155 4 4 
130 48 128 49 129 48 237 138 6 6 
130 48 129 50 129 49 255 109 6 6 
129 50 128 51 128 50 173 156 4 4 
130 49 129 50 129 49 185 152 4 4 
130 49 129 51 129 50 255 112 6 6 
130 51 129 52 129 51 255 164 4 4 
132 50 130 51 131 50 255 151 6 6 
132 48 130 49 131 48 254 196 5 5 
134 50 132 51 133 50 191 174 5 5 
137 54 136 55 136 54 255 198 4 4 
137 56 135 57 135 56 255 160 5 5 
138 57 137 59 137 58 255 126 6 6 
140 58 139 59 139 58 255 166 4 4 
139 60 138 61 138 60 255 179 4 4 
140 58 139 59 139 58 255 181 4 4 
138 58 137 59 137 58 219 205 4 4 
136 58 135 59 135 58 255 177 4 4 
133 60 132 61 132 60 255 199 4 4 
126 61 124 62 125 61 255 209 5 5 
112 59 110 61 110 59 255 160 5 6 
94 56 92 57 92 56 255 164 5 5 
81 57 79 59 80 58 255 148 6 7 
73 53 72 54 72 53 255 233 4 4 
67 54 66 55 66 54 230 184 4 4 
56 57 54 58 54 57 255 177 5 5 
45 60 44 61 44 60 255 188 4 4 
41 61 40 62 40 61 227 175 4 4 
39 61 38 62 38 61 255 173 4 4 
37 61 35 62 36 61 255 153 5 5 
30 61 28 62 29 61 255 150 6 6 
25 60 24 62 24 61 255 113 6 6 
25 63 24 64 24 63 255 163 4 4 
24 62 22 63 22 62 224 164 5 5 
20 62 18 63 18 62 227 167 5 5 
18 64 16 65 16 64 194 176 5 5 
20 61 18 62 18 61 255 140 5 5 
22 62 20 63 21 62 220 184 5 5 
21 62 20 63 20 62 255 170 4 4 
22 62 20 63 21 62 255 156 6 6 
25 60 24 61 24 60 255 171 4 4 
29 59 28 60 28 59 255 183 4 4 
31 58 29 60 30 59 255 127 5 6 
36 58 34 59 34 58 255 197 5 5 
46 57 44 58 45 57 255 180 6 6 
55 58 53 59 54 58 255 201 5 5 
68 56 67 57 67 56 255 204 4 4 
82 54 80 55 81 54 255 230 5 5 
96 51 94 52 95 51 255 168 5 6 
107 54 106 55 106 54 255 233 4 4 
109 54 107 55 108 54 255 177 6 6 
108 53 106 55 106 53 255 139 7 8 
100 55 98 57 98 55 255 133 7 8 
90 60 89 61 89 60 228 212 4 4 
76 61 74 62 75 61 255 156 5 6 
72 60 70 61 70 60 229 179 5 5 
84 59 82 60 82 59 254 161 5 5 
98 59 96 60 96 59 255 141 5 5 
115 56 113 57 114 56 252 161 6 6 
130 55 129 56 129 55 255 170 4 4 
138 56 136 57 137 56 255 152 6 6 
143 54 141 55 141 54 227 151 5 5 
143 55 141 56 141 55 255 151 5 5 
145 54 144 56 144 55 255 126 5 5 
151 56 150 57 150 56 255 172 4 4 
152 57 151 58 151 57 255 164 4 4 
149 55 147 57 148 56 255 118 6 7 
136 54 134 55 135 54 255 142 5 6 
116 54 115 56 115 55 255 102 5 6 
98 53 96 54 96 53 248 147 5 5 
82 51 80 52 80 51 173 133 5 5 
67 55 65 56 66 55 255 140 6 6 
59 58 58 59 58 58 241 154 4 4 
55 60 53 61 54 60 206 119 6 6 
52 61 51 62 51 61 198 143 4 4 
51 60 50 62 50 61 255 113 5 5 
50 58 48 59 49 58 192 107 6 6 
49 58 48 59 48 58 187 126 4 4 
48 60 47 61 47 60 251 136 4 4 
47 61 46 62 46 61 255 161 3 3 
