186 118 184 119 185 118 59 47 5 6 
142 99 111 115 129 107 56 25 0 246 
138 94 137 95 137 94 19 17 0 3 
128 73 105 81 116 76 38 20 0 97 
11 10 8 12 9 11 112 79 6 7 
186 119 186 119 186 119 16 16 0 1 
121 109 117 109 119 109 61 58 0 5 
139 102 94 119 123 112 62 27 4 303 
90 101 88 103 88 102 18 16 0 5 
89 94 88 95 88 94 18 16 0 3 
90 90 89 92 89 91 27 19 0 4 
93 85 90 88 91 86 24 19 0 9 
128 68 93 81 110 75 39 21 0 190 
7 10 6 12 6 11 98 79 4 6 
113 118 113 118 113 118 46 46 0 1 
104 118 101 118 102 118 38 31 0 4 
102 118 98 119 100 118 31 22 2 4 
99 118 94 119 96 118 17 16 0 3 
88 118 88 118 88 118 17 17 0 1 
113 114 107 118 110 115 68 56 0 23 
110 111 90 119 96 114 44 25 4 31 
88 107 85 112 86 109 21 17 0 10 
136 106 115 119 128 114 55 30 18 144 
84 96 82 98 83 97 24 18 0 7 
89 86 83 94 85 89 30 19 0 26 
105 83 103 84 104 83 71 66 0 4 
116 81 115 82 115 81 48 41 0 3 
132 68 85 88 107 77 53 21 0 329 
79 22 77 24 78 23 19 17 0 4 
83 18 83 19 83 18 17 16 0 2 
4 9 2 11 2 10 85 69 5 7 
113 119 112 119 112 119 47 45 2 2 
102 119 100 119 101 119 61 59 3 3 
96 119 96 119 96 119 47 47 1 1 
93 119 92 119 92 119 37 37 2 2 
90 119 90 119 90 119 27 27 1 1 
78 119 78 119 78 119 18 18 0 1 
117 117 115 119 116 118 62 50 3 7 
88 113 80 119 83 116 27 18 0 34 
74 109 72 111 73 110 18 16 0 4 
130 107 119 119 125 114 54 30 5 70 
79 107 77 112 77 109 23 18 0 11 
131 101 129 105 130 103 20 17 0 8 
83 89 76 95 79 90 26 18 0 23 
127 63 81 91 104 77 47 23 0 444 
90 46 88 47 89 46 18 17 0 4 
92 44 91 45 91 44 17 16 0 3 
87 43 86 44 86 43 18 17 0 3 
76 25 75 26 75 25 18 17 0 3 
100 15 99 16 99 15 19 17 0 3 
79 15 76 21 77 18 19 16 0 13 
99 12 81 28 89 19 28 17 0 174 
152 119 152 119 152 119 17 17 0 1 
148 119 148 119 148 119 24 24 0 1 
126 119 126 119 126 119 56 56 1 1 
100 119 98 119 99 119 24 22 3 3 
104 115 104 115 104 115 113 113 1 1 
99 113 99 113 99 113 107 107 1 1 
130 110 130 110 130 110 110 110 1 1 
96 109 85 119 90 115 27 18 0 40 
145 105 128 119 138 114 59 32 14 134 
90 102 90 102 90 102 108 108 1 1 
141 99 139 100 139 99 23 18 0 5 
85 98 83 100 83 98 18 16 0 5 
121 91 104 92 112 91 255 254 16 29 
90 79 85 96 86 88 24 17 0 19 
121 71 113 72 117 71 21 17 0 5 
141 63 90 96 113 78 42 22 0 469 
88 42 85 48 86 45 22 16 0 20 
68 24 66 26 67 25 18 16 0 5 
66 15 65 16 65 15 19 17 0 3 
87 11 66 29 78 20 26 17 0 236 
4 9 2 10 3 9 90 71 5 6 
108 119 107 119 107 119 19 18 0 2 
186 118 185 119 185 118 20 18 0 3 
183 118 183 118 183 118 17 17 0 1 
186 116 186 116 186 116 16 16 0 1 
182 115 177 119 179 116 20 17 0 11 
122 115 111 119 116 117 114 108 7 13 
104 114 99 117 101 115 20 17 0 11 
163 110 162 111 162 110 17 16 0 3 
100 109 99 110 99 109 18 16 0 3 
105 105 104 109 104 106 111 107 3 7 
158 93 119 94 130 93 255 224 15 31 
163 74 101 119 138 93 68 23 17 617 
109 68 100 75 104 72 26 18 0 47 
60 23 58 26 59 24 21 17 0 8 
55 19 54 20 54 19 20 18 0 3 
71 18 69 20 70 19 18 17 0 5 
58 18 57 20 57 19 20 18 0 4 
67 16 60 24 64 19 26 17 0 38 
64 13 63 14 63 13 19 18 0 3 
13 10 10 11 11 10 105 77 5 6 
71 9 68 13 69 11 20 17 0 9 
139 119 138 119 138 119 65 60 2 2 
109 118 108 119 108 118 17 17 0 2 
116 116 116 116 116 116 111 111 1 1 
113 114 111 115 112 114 108 106 2 3 
105 109 105 109 105 109 108 108 1 1 
104 107 104 107 104 107 109 109 1 1 
160 106 142 119 151 114 65 32 15 155 
153 100 150 104 151 101 22 17 0 11 
103 100 103 104 103 102 107 105 3 5 
149 86 148 87 148 86 20 18 0 3 
154 75 111 97 128 83 42 20 0 267 
108 70 101 74 103 71 24 18 0 27 
66 16 62 20 64 18 18 16 0 12 
57 16 57 16 57 16 17 17 0 1 
13 10 11 12 11 11 125 84 4 7 
128 119 128 119 128 119 17 17 0 1 
186 118 186 119 186 118 71 65 2 2 
156 99 116 119 142 112 57 26 9 364 
104 95 104 95 104 95 101 101 1 1 
105 84 104 85 104 84 18 17 0 3 
140 73 111 84 125 77 36 20 0 175 
106 69 101 71 103 69 24 18 0 11 
16 10 13 12 14 11 123 79 6 9 
184 119 184 119 184 119 71 71 1 1 
186 118 186 119 186 118 84 81 2 2 
154 95 122 114 141 107 53 24 0 291 
106 91 106 92 106 91 105 104 2 2 
142 84 142 84 142 84 16 16 0 1 
134 71 115 80 123 75 31 18 0 83 
104 68 102 69 102 68 21 18 0 5 
19 11 16 12 17 11 122 76 5 7 
186 118 184 119 185 118 88 77 5 5 
150 94 123 112 139 105 50 24 0 224 
136 71 114 78 124 75 33 19 0 84 
20 11 16 13 17 11 123 77 6 7 
186 118 183 119 184 118 98 86 5 5 
186 116 186 116 186 116 73 73 1 1 
27 114 25 118 26 116 22 18 0 10 
152 93 125 112 141 104 54 23 0 232 
130 71 114 76 122 73 29 19 0 62 
103 67 102 68 102 67 20 19 0 3 
19 10 16 12 17 11 130 84 5 8 
186 117 183 119 185 118 101 91 4 7 
136 101 132 102 134 101 52 46 0 7 
153 93 125 110 141 103 47 23 0 210 
35 86 19 119 25 101 31 21 3 112 
135 75 134 76 134 75 20 18 0 3 
132 69 114 75 123 72 30 19 0 68 
104 68 104 68 104 68 16 16 0 1 
18 9 15 11 16 10 128 78 6 9 
186 118 183 119 184 118 99 92 4 5 
15 118 15 118 15 118 16 16 0 1 
13 118 13 118 13 118 16 16 0 1 
28 117 27 119 27 117 21 18 0 5 
186 114 186 115 186 114 72 65 2 2 
27 108 17 115 21 111 22 17 0 24 
125 105 121 106 122 105 23 20 0 6 
151 96 129 110 141 103 49 22 0 176 
144 92 143 94 143 93 22 19 0 4 
133 69 112 75 121 71 31 19 0 95 
105 67 104 69 104 68 21 17 0 4 
17 9 14 11 15 10 122 85 6 8 
186 118 186 119 186 118 82 75 2 2 
22 116 21 116 21 116 19 18 0 2 
26 115 13 119 19 117 23 17 0 32 
123 109 121 110 122 109 20 17 0 4 
151 99 151 99 151 99 16 16 0 1 
157 95 125 119 143 109 59 24 0 332 
143 81 140 85 141 83 23 17 0 11 
137 75 136 76 136 75 20 17 0 3 
135 73 116 80 125 76 38 19 0 98 
106 68 103 70 104 69 20 17 0 7 
19 11 16 13 17 12 139 85 6 8 
186 119 185 119 185 119 27 23 0 2 
177 119 177 119 177 119 16 16 0 1 
128 119 128 119 128 119 18 18 0 1 
14 119 14 119 14 119 16 16 0 1 
12 119 12 119 12 119 16 16 0 1 
22 118 16 119 18 118 22 18 0 10 
119 108 119 108 119 108 110 110 1 1 
166 102 130 119 152 113 56 29 15 307 
154 96 153 97 153 96 19 17 0 3 
153 88 149 91 151 89 22 17 0 11 
147 84 142 86 144 85 26 21 0 10 
137 77 132 78 135 77 18 16 0 4 
141 77 121 84 129 80 31 19 0 88 
105 70 104 72 104 71 18 16 0 4 
21 12 18 14 19 13 138 85 5 8 
179 119 178 119 178 119 20 18 0 2 
154 118 143 119 149 118 68 54 13 20 
112 117 111 118 111 117 17 16 0 3 
122 116 122 116 122 116 111 111 1 1 
19 116 14 119 16 117 28 20 0 13 
119 115 119 115 119 115 107 107 1 1 
117 114 117 114 117 114 105 105 1 1 
114 112 114 112 114 112 106 106 1 1 
110 107 110 107 110 107 108 108 1 1 
166 103 150 119 158 113 38 23 6 135 
109 102 109 105 109 103 104 102 4 4 
156 94 122 96 130 95 255 249 16 44 
157 78 118 99 135 86 33 20 0 215 
109 71 103 74 105 72 23 17 0 15 
17 12 15 14 16 13 114 67 6 9 
165 119 165 119 165 119 16 16 0 1 
179 118 179 118 179 118 16 16 0 1 
153 118 150 119 151 118 73 66 5 7 
103 118 102 119 102 118 21 20 0 2 
163 114 156 119 158 117 34 21 2 30 
111 113 107 118 109 116 111 107 4 8 
159 102 154 112 156 106 22 17 0 32 
134 83 133 83 133 83 18 17 0 2 
151 82 116 97 130 89 36 20 0 178 
109 72 102 76 105 73 26 18 0 27 
14 12 12 14 12 13 117 81 5 7 
62 9 60 12 61 10 17 16 0 6 
68 6 66 7 66 6 21 18 0 4 
177 119 177 119 177 119 16 16 0 1 
163 118 163 119 163 118 18 17 0 2 
153 118 150 118 151 118 66 59 2 4 
153 118 94 119 141 118 77 55 5 6 
96 113 92 119 93 118 24 18 0 6 
165 111 165 111 165 111 16 16 0 1 
101 109 100 112 100 110 109 104 2 5 
158 104 100 118 112 113 111 88 3 14 
138 98 97 118 123 114 255 245 9 153 
132 93 91 119 121 115 255 221 13 15 
143 87 92 96 101 93 21 17 0 6 
141 87 97 88 108 87 18 17 0 4 
162 79 96 119 128 92 37 20 0 549 
109 71 100 78 104 74 27 19 0 56 
62 12 61 15 61 13 18 16 0 5 
7 10 6 12 6 11 92 83 4 6 
64 9 58 10 60 9 20 17 0 10 
77 3 74 5 75 4 19 17 0 7 
73 3 68 12 70 6 23 18 0 32 
83 119 82 119 82 119 20 18 0 2 
153 118 148 119 150 118 86 56 9 11 
79 118 79 118 79 118 18 18 0 1 
95 114 94 119 94 116 110 107 3 12 
89 114 85 119 86 116 24 18 0 22 
83 114 82 116 82 115 19 17 0 4 
90 110 89 111 89 110 22 18 0 3 
128 103 115 103 121 103 255 254 8 14 
92 91 83 107 86 97 21 17 0 17 
142 73 121 89 131 81 19 18 0 2 
163 67 88 119 120 89 45 20 0 1082 
87 42 84 45 85 43 21 17 0 10 
72 22 69 26 70 23 19 17 0 8 
76 19 72 20 73 19 20 17 0 6 
58 14 57 15 57 14 20 19 0 3 
3 9 1 11 2 9 90 59 7 8 
54 5 51 6 52 5 19 17 0 5 
86 2 56 21 69 7 27 17 0 234 
172 119 172 119 172 119 18 18 0 1 
148 119 148 119 148 119 113 113 1 1 
99 119 99 119 99 119 18 18 0 1 
186 118 186 118 186 118 17 17 0 1 
153 118 151 119 152 118 76 72 4 5 
182 115 177 119 179 117 21 17 0 12 
98 113 96 119 97 115 21 17 0 8 
106 109 103 119 104 114 111 106 7 19 
101 103 100 104 100 103 21 18 0 3 
142 99 114 108 128 104 255 254 20 220 
167 79 101 119 135 94 41 20 5 646 
109 69 101 77 104 74 27 19 0 50 
54 10 53 11 53 10 18 16 0 3 
10 10 8 12 8 11 115 86 5 7 
65 9 57 18 60 13 22 16 0 60 
51 7 50 9 50 7 19 18 0 5 
56 5 56 5 56 5 17 17 0 1 
72 2 66 8 68 5 21 16 0 19 
61 2 60 3 60 2 18 16 0 3 
123 119 123 119 123 119 17 17 0 1 
121 118 120 119 120 118 16 16 0 2 
117 118 117 118 117 118 17 17 0 1 
23 118 23 118 23 118 16 16 0 1 
186 116 183 119 184 117 24 18 0 10 
127 115 127 115 127 115 107 107 1 1 
181 113 123 117 161 115 107 51 1 3 
186 107 186 107 186 107 17 17 0 1 
117 107 117 107 117 107 108 108 1 1 
116 105 116 105 116 105 106 106 1 1 
147 92 2 109 126 105 255 235 14 74 
3 88 1 90 2 89 22 18 0 7 
129 81 129 81 129 81 18 18 0 1 
183 78 126 119 156 102 69 24 27 388 
2 78 1 84 1 81 23 19 0 9 
141 77 140 78 140 77 18 17 0 3 
1 76 1 76 1 76 21 21 0 1 
1 74 1 74 1 74 16 16 0 1 
108 70 106 72 107 71 18 17 0 5 
1 68 1 68 1 68 17 17 0 1 
3 63 1 64 2 63 18 17 0 3 
3 60 1 61 2 60 20 17 0 6 
3 56 3 56 3 56 16 16 0 1 
1 17 1 19 1 18 19 17 0 3 
1 15 1 15 1 15 17 17 0 1 
22 12 20 13 21 12 129 76 3 6 
186 115 179 118 183 116 46 24 0 8 
186 114 124 119 146 116 108 80 6 16 
185 109 180 114 182 111 28 20 0 17 
186 108 186 108 186 108 17 17 0 1 
121 104 119 110 119 106 110 106 5 9 
181 99 157 119 167 112 54 25 18 211 
2 91 2 91 2 91 17 17 0 1 
3 85 1 97 2 93 21 16 0 12 
163 80 1 97 142 86 33 20 0 164 
1 80 1 83 1 81 21 18 0 4 
2 73 1 78 1 75 22 17 0 7 
2 68 1 69 1 68 18 16 0 3 
1 64 1 64 1 64 17 17 0 1 
3 60 1 62 2 61 18 16 0 3 
1 24 1 25 1 24 19 17 0 2 
1 22 1 22 1 22 18 18 0 1 
2 15 1 16 1 15 19 17 0 3 
24 12 22 14 23 12 133 77 4 6 
111 118 111 118 111 118 17 17 0 1 
186 110 176 119 181 116 34 20 2 47 
118 110 116 119 116 115 110 104 6 13 
169 106 164 119 165 113 29 19 2 58 
161 99 160 100 160 99 20 18 0 3 
154 89 131 91 144 89 23 18 0 6 
158 87 126 97 141 92 32 20 0 155 
108 73 106 77 107 75 23 18 0 8 
19 13 16 15 17 13 136 81 6 9 
186 118 184 119 184 118 18 17 0 4 
106 118 105 119 105 118 18 16 0 3 
103 118 103 118 103 118 22 22 0 1 
113 115 111 119 112 117 109 103 5 11 
182 114 175 119 179 117 27 20 2 28 
171 110 164 119 166 115 31 19 4 44 
162 105 161 106 161 105 17 16 0 3 
161 102 159 103 160 102 18 16 0 4 
138 90 125 90 129 90 18 17 0 3 
158 89 118 101 136 94 32 19 0 169 
131 86 130 87 130 86 17 16 0 3 
112 74 104 79 107 76 27 19 0 32 
12 11 10 13 11 12 121 85 6 7 
50 9 49 10 49 9 19 18 0 3 
56 4 53 6 54 4 20 17 0 7 
185 119 185 119 185 119 18 18 0 1 
181 119 181 119 181 119 16 16 0 1 
180 117 176 119 178 118 21 18 0 9 
113 116 111 119 112 118 110 105 5 8 
169 114 164 119 166 116 32 20 1 14 
107 114 100 119 104 117 21 17 0 15 
114 113 113 114 113 113 102 102 2 2 
113 105 111 106 112 105 18 16 0 4 
158 95 117 104 138 99 39 20 0 119 
107 77 105 79 105 78 25 19 0 6 
9 10 7 12 8 11 116 83 5 6 
179 118 177 119 178 118 22 18 0 4 
115 116 112 119 113 118 111 105 6 11 
167 115 166 119 166 117 23 19 0 7 
107 115 99 119 103 117 24 18 0 28 
110 109 109 112 109 110 18 17 0 5 
107 109 102 111 104 109 21 17 0 8 
149 97 97 98 134 97 24 18 0 14 
159 94 96 108 136 100 33 20 0 165 
107 78 105 79 106 78 20 17 0 4 
8 10 6 12 6 11 113 84 6 7 
179 118 178 119 178 118 19 18 0 2 
166 118 166 118 166 118 23 23 0 1 
116 117 112 119 114 118 113 105 7 9 
109 114 100 119 105 117 27 18 0 23 
107 110 105 111 106 110 21 17 0 4 
116 107 111 109 113 108 19 16 0 11 
151 98 96 99 118 98 29 24 0 5 
154 96 118 106 136 100 32 19 0 156 
131 95 129 96 129 95 20 17 0 5 
108 77 105 80 106 78 20 17 0 8 
8 10 6 12 6 11 104 84 6 7 
100 119 98 119 99 119 20 17 0 3 
179 118 178 119 178 118 20 18 0 3 
105 118 102 119 103 118 24 20 0 7 
94 118 94 118 94 118 16 16 0 1 
113 117 110 119 111 118 114 105 6 8 
168 116 165 119 166 117 21 18 0 12 
106 115 104 116 105 115 20 17 0 4 
113 114 112 115 112 114 102 101 2 2 
157 103 155 104 155 103 21 18 0 5 
96 97 95 98 95 97 21 19 0 3 
147 95 138 96 142 95 19 17 0 4 
152 92 113 107 134 99 30 19 0 172 
107 76 104 80 105 78 21 17 0 12 
8 10 6 12 6 11 93 81 6 8 
174 119 174 119 174 119 18 18 0 1 
172 119 172 119 172 119 16 16 0 1 
101 118 100 119 100 118 19 17 0 4 
98 118 98 119 98 118 19 18 0 2 
96 118 96 119 96 118 17 17 0 2 
181 115 177 119 179 117 26 19 0 11 
107 114 106 119 106 116 108 104 6 11 
100 113 100 113 100 113 16 16 0 1 
146 104 118 113 132 109 255 254 25 225 
112 93 110 94 111 93 18 17 0 4 
143 86 136 88 139 87 20 17 0 6 
143 86 111 88 115 87 24 17 0 14 
137 83 111 89 121 87 19 16 0 8 
158 83 108 103 131 93 38 20 0 355 
134 81 133 82 133 81 19 17 0 3 
110 70 102 79 106 75 30 19 0 63 
7 10 5 12 6 11 107 80 7 8 
61 3 57 6 59 4 19 16 0 13 
162 118 162 119 162 118 18 17 0 2 
104 118 102 119 103 118 113 111 3 3 
87 118 87 118 87 118 16 16 0 1 
94 112 90 118 91 116 23 17 0 17 
97 106 96 110 96 107 108 105 3 7 
134 95 91 110 119 108 255 248 4 114 
147 89 96 114 116 108 255 207 10 101 
161 67 95 119 125 89 60 21 11 742 
82 24 80 25 81 24 18 16 0 4 
1 8 1 9 1 8 60 52 1 2 
82 3 57 27 70 14 24 16 0 271 
149 119 149 119 149 119 19 19 0 1 
144 119 144 119 144 119 16 16 0 1 
142 119 142 119 142 119 19 19 0 1 
112 119 111 119 111 119 60 57 2 2 
153 118 152 119 152 118 20 18 0 2 
118 118 117 119 117 118 49 49 1 2 
104 118 103 119 103 118 73 66 2 3 
77 118 77 118 77 118 18 18 0 1 
98 113 97 113 97 113 118 116 1 2 
89 109 89 109 89 109 116 116 1 1 
128 104 126 107 127 105 114 109 3 4 
83 102 83 102 83 102 106 106 1 1 
141 97 140 98 140 97 18 17 0 3 
136 86 100 87 108 86 255 239 9 17 
105 78 101 80 103 78 71 63 0 10 
126 68 81 69 103 68 19 17 0 2 
140 57 72 119 106 84 63 24 17 1097 
93 39 83 54 88 46 29 19 0 97 
93 33 92 34 92 33 19 17 0 3 
103 32 102 33 102 32 18 17 0 3 
109 28 108 29 108 28 18 16 0 3 
109 4 64 36 85 20 35 20 0 704 
74 4 73 5 73 4 18 17 0 3 
40 119 40 119 40 119 16 16 0 1 
56 118 55 119 55 118 18 17 0 2 
46 118 45 119 45 118 23 22 0 2 
99 113 66 119 79 117 62 49 30 103 
80 112 79 112 79 112 122 121 2 2 
110 109 103 119 106 114 28 19 0 47 
112 106 111 107 111 106 18 17 0 4 
64 105 53 119 59 111 34 18 0 93 
113 103 111 104 111 103 22 18 0 4 
107 100 104 105 105 102 107 102 5 7 
56 90 55 91 55 90 19 18 0 3 
64 88 56 102 58 94 28 19 0 45 
113 62 62 97 87 75 50 22 0 599 
92 60 91 61 91 60 17 16 0 3 
120 38 119 39 119 38 16 16 0 3 
127 24 126 25 126 24 18 17 0 3 
123 18 122 20 122 19 18 17 0 5 
123 2 83 49 102 23 32 19 0 1034 
91 2 90 3 90 2 17 16 0 3 
101 119 100 119 100 119 20 19 0 2 
25 119 25 119 25 119 16 16 0 1 
22 118 22 118 22 118 17 17 0 1 
105 111 101 119 103 115 22 16 0 21 
104 108 103 109 103 108 21 18 0 3 
98 107 95 115 96 110 107 102 4 13 
53 107 53 108 53 107 104 104 2 2 
36 104 35 105 35 104 18 16 0 3 
103 99 102 100 102 99 19 18 0 3 
52 97 27 119 41 110 37 20 3 329 
42 95 41 96 41 95 18 17 0 3 
52 80 51 81 51 80 17 16 0 3 
101 64 50 97 78 82 49 21 0 640 
103 37 90 53 95 44 27 18 0 121 
95 30 93 31 94 30 18 16 0 4 
134 17 124 29 130 20 18 16 0 8 
129 2 90 34 110 17 31 19 0 960 
107 118 106 119 106 118 18 16 0 3 
104 115 101 119 102 116 23 18 0 16 
96 113 94 119 95 116 107 102 4 11 
103 111 103 111 103 111 21 21 0 1 
26 109 25 110 25 109 22 18 0 3 
75 74 73 75 73 74 21 18 0 4 
71 73 65 76 68 74 20 17 0 13 
94 72 92 74 93 73 17 16 0 4 
102 66 21 119 64 93 53 22 9 1200 
95 50 92 52 93 50 18 16 0 7 
100 38 91 47 95 42 24 17 0 69 
111 31 110 32 110 31 18 17 0 3 
106 28 104 31 105 29 18 16 0 5 
130 26 128 28 129 27 20 18 0 3 
132 12 91 14 98 13 19 17 0 6 
133 2 92 31 113 14 32 18 0 810 
106 119 105 119 105 119 22 19 0 2 
108 118 108 118 108 118 18 18 0 1 
105 117 102 119 103 118 29 20 0 5 
97 117 95 119 95 118 106 102 4 8 
103 113 102 116 102 114 22 18 0 7 
104 107 103 108 103 107 17 16 0 3 
101 107 100 108 100 107 21 19 0 3 
34 98 32 99 33 98 20 18 0 4 
65 97 64 98 64 97 63 59 0 3 
98 79 58 96 73 82 21 17 0 8 
94 72 94 72 94 72 17 17 0 1 
76 67 74 69 75 67 19 17 0 5 
92 66 71 73 85 70 32 17 0 93 
99 66 21 119 66 92 47 22 5 1274 
98 58 97 59 97 58 19 17 0 3 
91 58 90 59 90 58 18 18 0 3 
106 53 100 59 103 55 22 16 0 23 
76 53 74 55 75 54 18 16 0 5 
118 52 116 53 117 52 18 17 0 4 
111 52 110 54 110 53 21 18 0 4 
116 47 115 49 115 47 18 17 0 4 
76 46 73 49 74 47 17 16 0 8 
68 44 67 45 67 44 18 16 0 3 
111 43 110 44 110 43 19 17 0 3 
116 41 113 44 114 42 21 15 0 8 
81 41 80 42 80 41 20 19 0 3 
107 36 77 55 92 46 27 17 0 321 
85 35 84 36 84 35 18 18 0 2 
106 32 90 33 98 32 19 17 0 2 
107 30 86 34 92 31 22 18 0 12 
112 29 110 31 110 30 19 17 0 5 
78 28 77 29 77 28 18 17 0 3 
138 2 93 30 114 13 30 18 0 805 
113 118 113 118 113 118 16 16 0 1 
111 118 110 119 110 118 19 17 0 4 
99 118 95 119 97 118 111 99 5 8 
46 118 45 119 45 118 112 107 3 3 
100 66 73 84 79 69 20 16 0 11 
108 63 20 119 71 91 56 21 6 1688 
89 55 87 56 88 55 18 16 0 4 
78 55 76 56 77 55 18 16 0 4 
82 54 81 56 81 55 18 16 0 4 
86 53 84 55 84 53 19 17 0 4 
115 51 113 52 114 51 17 16 0 4 
115 38 114 39 114 38 18 17 0 3 
116 33 110 41 112 35 18 14 0 12 
89 33 88 34 88 33 21 18 0 3 
113 30 75 56 94 43 29 16 0 538 
84 27 81 28 82 27 19 17 0 5 
73 27 72 28 72 27 19 17 0 3 
89 22 86 25 87 23 18 15 0 8 
137 2 91 29 113 14 35 18 0 945 
115 119 115 119 115 119 18 18 0 1 
50 118 50 118 50 118 102 102 1 1 
104 117 102 119 102 118 104 98 3 6 
112 105 64 109 76 107 255 251 13 88 
39 97 37 98 37 97 20 17 0 4 
114 88 108 94 111 89 23 17 0 10 
112 83 111 84 111 83 17 16 0 3 
58 81 55 82 56 81 19 17 0 5 
105 78 63 81 83 80 22 17 0 10 
103 74 101 75 102 74 20 17 0 4 
113 62 25 119 74 91 48 22 5 1730 
121 48 116 52 118 50 21 17 0 14 
115 47 73 50 107 47 21 16 0 14 
105 40 105 40 105 40 17 17 0 1 
122 35 121 36 121 35 22 18 0 3 
87 33 86 35 86 33 20 17 0 4 
77 31 77 31 77 31 16 16 0 1 
84 27 82 29 82 28 17 16 0 5 
80 27 73 31 76 28 19 16 0 16 
136 25 135 26 135 25 19 17 0 3 
85 24 83 25 83 24 19 17 0 4 
79 24 78 25 78 24 18 17 0 3 
136 16 134 18 134 17 18 16 0 4 
86 16 85 17 85 16 22 18 0 3 
84 8 83 11 83 9 20 17 0 6 
134 2 72 56 104 26 41 18 0 1970 
36 119 36 119 36 119 17 17 0 1 
29 119 29 119 29 119 20 20 0 1 
40 118 39 119 39 118 18 17 0 3 
112 113 108 119 110 116 22 16 0 18 
59 113 59 113 59 113 105 105 1 1 
105 111 100 119 102 114 106 102 6 11 
42 110 40 113 40 111 20 17 0 7 
61 98 42 119 50 110 30 19 0 200 
102 83 102 83 102 83 16 16 0 1 
96 77 72 81 84 79 20 19 0 2 
108 66 60 100 84 85 46 22 0 643 
121 38 120 39 120 38 16 16 0 2 
104 38 103 39 103 38 18 17 0 3 
100 38 90 53 94 43 28 18 0 108 
128 2 86 36 106 16 31 18 0 951 
108 119 107 119 107 119 20 19 0 2 
103 113 101 116 101 114 106 101 3 5 
104 110 103 111 103 110 103 99 2 3 
60 105 50 119 55 114 24 17 0 53 
57 102 56 103 56 102 17 16 0 3 
53 100 52 101 52 100 19 17 0 3 
103 83 61 98 81 89 40 21 0 339 
92 72 86 77 89 74 26 19 0 29 
99 39 91 46 94 42 23 16 0 42 
115 27 114 28 114 27 21 18 0 3 
110 20 108 21 109 20 18 16 0 5 
116 19 112 21 114 20 19 16 0 9 
117 16 116 17 116 16 21 18 0 3 
91 16 89 17 90 16 20 17 0 4 
94 11 93 12 93 11 18 17 0 3 
121 10 120 11 120 10 19 18 0 3 
118 8 109 11 113 10 22 17 0 17 
120 3 96 23 105 13 24 16 0 149 
49 2 47 4 48 3 97 93 3 3 
45 2 44 3 44 2 142 136 1 2 
39 119 39 119 39 119 16 16 0 1 
113 118 111 119 112 118 21 18 0 4 
106 118 106 119 106 118 100 100 1 2 
60 118 60 118 60 118 103 103 1 1 
43 118 43 118 43 118 18 18 0 1 
41 118 41 118 41 118 16 16 0 1 
60 115 60 116 60 115 104 103 2 2 
113 114 111 115 112 114 20 18 0 4 
51 111 50 112 50 111 21 19 0 3 
48 110 47 111 47 110 17 16 0 3 
60 105 48 119 54 112 26 18 0 56 
107 85 62 104 84 94 42 21 0 506 
85 82 85 82 85 82 17 17 0 1 
93 73 85 79 88 76 26 19 0 44 
95 41 92 43 93 42 22 18 0 8 
94 38 94 38 94 38 17 17 0 1 
116 14 115 15 115 14 20 18 0 3 
111 14 110 16 110 15 19 17 0 4 
100 14 99 15 99 14 18 17 0 3 
116 4 112 6 113 5 22 18 0 6 
91 4 90 6 90 5 17 16 0 4 
46 4 46 5 46 4 165 131 1 2 
112 2 93 12 100 5 24 17 0 111 
51 2 48 6 49 4 142 132 5 5 
43 2 43 2 43 2 111 111 1 1 
118 119 118 119 118 119 16 16 0 1 
114 119 114 119 114 119 18 18 0 1 
112 119 111 119 111 119 18 17 0 2 
49 119 49 119 49 119 16 16 0 1 
59 118 58 119 58 118 105 103 2 3 
53 118 51 119 52 118 21 18 0 3 
59 110 58 111 58 110 20 18 0 3 
108 91 61 111 81 100 44 20 0 451 
93 75 84 82 89 78 29 19 0 54 
112 52 110 54 111 53 17 16 0 5 
95 50 92 53 93 51 18 16 0 9 
106 47 104 49 104 48 20 17 0 4 
99 46 98 48 98 46 17 16 0 4 
98 43 94 45 96 43 21 16 0 10 
95 39 91 43 93 41 19 17 0 9 
45 7 45 7 45 7 122 122 1 1 
43 5 42 6 42 5 156 152 2 2 
51 4 48 8 49 5 165 125 5 7 
44 3 44 3 44 3 165 165 1 1 
46 119 46 119 46 119 18 18 0 1 
113 118 112 119 112 118 17 16 0 2 
110 118 110 118 110 118 17 17 0 1 
56 118 55 119 55 118 103 101 3 3 
49 118 48 119 48 118 18 17 0 3 
85 114 74 114 79 114 255 254 12 12 
99 98 57 102 72 99 20 17 0 8 
110 92 55 116 80 102 34 20 0 413 
82 91 81 92 81 91 18 16 0 3 
93 74 83 82 88 78 31 18 0 47 
43 5 43 5 43 5 89 89 1 1 
40 4 40 4 40 4 118 118 1 1 
49 2 47 4 48 3 151 143 2 3 
102 119 102 119 102 119 92 92 1 1 
114 118 114 119 114 118 19 17 0 2 
56 118 54 119 55 118 107 102 3 4 
50 117 46 119 47 118 20 17 0 9 
112 115 106 119 108 117 23 17 0 17 
51 113 48 115 49 114 22 15 0 8 
98 97 59 102 80 99 18 16 0 9 
101 94 53 113 77 103 34 19 0 420 
80 92 79 93 79 92 21 18 0 4 
91 76 83 82 87 79 23 17 0 24 
47 3 44 6 45 4 125 115 4 4 
43 3 42 4 42 3 166 163 1 2 
40 2 39 3 39 2 155 133 2 3 
102 119 102 119 102 119 90 90 1 1 
46 119 46 119 46 119 19 19 0 1 
113 118 113 118 113 118 18 18 0 1 
54 118 52 119 53 118 105 101 3 4 
110 111 103 119 107 115 21 17 0 19 
92 100 88 101 90 100 17 16 0 2 
99 97 49 114 75 104 34 20 0 298 
75 93 70 95 72 94 21 16 0 12 
91 76 83 82 86 79 25 19 0 35 
45 2 44 3 44 2 87 83 2 2 
41 2 41 2 41 2 127 127 1 1 
113 118 112 119 112 118 16 16 0 2 
110 118 110 119 110 118 17 16 0 2 
107 118 105 119 106 118 21 19 0 4 
98 118 96 119 97 118 105 99 2 3 
52 118 50 119 51 118 107 102 3 4 
46 115 46 115 46 115 16 16 0 1 
104 114 103 116 103 115 20 18 0 4 
96 106 95 107 95 106 20 18 0 3 
91 103 53 103 72 103 20 18 0 2 
101 98 49 115 72 105 33 19 0 331 
90 78 81 82 85 79 27 19 0 35 
41 2 41 2 41 2 136 136 1 1 
120 119 120 119 120 119 17 17 0 1 
117 119 117 119 117 119 18 18 0 1 
33 119 33 119 33 119 18 18 0 1 
124 118 122 119 122 118 20 17 0 5 
95 118 92 119 93 118 116 106 4 6 
48 118 46 119 47 118 109 104 3 4 
77 116 62 117 69 116 255 253 12 25 
81 98 51 98 57 98 21 17 0 7 
113 97 34 119 73 107 35 19 4 515 
90 73 79 84 84 78 31 18 0 85 
114 11 113 12 113 11 19 17 0 3 
119 7 118 8 118 7 17 16 0 3 
129 6 128 7 128 6 19 18 0 3 
122 119 122 119 122 119 16 16 0 1 
38 119 38 119 38 119 18 18 0 1 
35 119 35 119 35 119 16 16 0 1 
95 118 92 119 93 118 112 105 5 6 
51 118 48 119 49 118 112 103 4 5 
112 98 41 119 74 108 37 20 1 470 
66 92 63 94 64 93 20 17 0 5 
89 74 80 82 84 79 26 17 0 44 
115 119 115 119 115 119 23 23 0 1 
103 119 102 119 102 119 103 98 2 2 
117 118 117 118 117 118 16 16 0 1 
54 118 52 119 53 118 105 102 3 4 
42 118 42 118 42 118 16 16 0 1 
114 115 69 116 78 115 255 245 14 28 
114 112 44 119 101 116 27 18 0 37 
82 93 72 99 76 97 22 17 0 12 
105 93 48 114 75 103 35 20 0 392 
92 77 82 83 86 79 23 18 0 43 
148 119 148 119 148 119 19 19 0 1 
131 119 131 119 131 119 16 16 0 1 
128 119 128 119 128 119 17 17 0 1 
118 118 117 119 117 118 92 86 2 3 
66 118 65 119 65 118 112 107 2 3 
118 115 118 115 118 115 82 82 1 1 
72 101 52 119 60 110 34 20 0 120 
59 97 58 98 58 97 18 17 0 3 
69 87 68 88 68 87 21 17 0 3 
115 79 79 83 100 81 20 14 0 8 
114 77 102 80 109 78 19 16 0 7 
106 75 104 77 105 76 20 17 0 6 
127 66 67 119 96 90 46 22 1 1183 
98 58 97 59 97 58 18 16 0 3 
109 55 105 58 107 56 18 16 0 10 
114 50 112 52 113 51 22 17 0 5 
110 47 104 52 107 49 20 15 0 23 
117 46 115 47 116 46 19 17 0 4 
102 45 101 46 101 45 20 17 0 3 
111 44 107 45 108 44 20 17 0 6 
113 38 108 41 110 39 17 16 0 7 
100 37 98 39 99 37 18 16 0 4 
98 37 86 56 92 45 24 17 0 121 
114 23 113 24 113 23 16 16 0 3 
116 20 115 21 115 20 18 17 0 3 
91 20 88 23 89 21 19 17 0 8 
120 9 119 10 119 9 22 19 0 3 
117 2 77 26 99 10 31 18 0 555 
58 2 58 2 58 2 112 112 1 1 
55 2 55 2 55 2 105 105 1 1 
153 119 153 119 153 119 16 16 0 1 
151 118 150 118 150 118 18 17 0 2 
79 118 77 119 78 118 17 17 0 3 
86 117 82 119 84 118 22 19 0 6 
81 114 80 116 80 115 21 18 0 4 
132 110 124 119 129 116 40 24 6 41 
83 105 83 106 83 105 104 102 2 2 
132 102 131 103 131 102 19 18 0 3 
85 94 79 98 81 95 22 17 0 15 
127 70 86 94 105 82 45 22 0 364 
78 13 77 15 77 14 22 18 0 4 
93 10 81 19 87 14 21 17 0 50 
2 9 1 10 1 9 69 59 2 3 
107 118 107 118 107 118 19 19 0 1 
106 109 91 118 98 112 36 20 0 45 
139 101 109 119 128 113 62 30 17 248 
133 86 131 87 131 86 19 17 0 5 
91 84 86 89 87 86 29 21 0 19 
90 78 89 79 89 78 18 17 0 3 
129 68 91 83 108 75 45 22 0 270 
77 25 76 26 76 25 20 18 0 4 
77 22 76 23 76 22 18 17 0 3 
85 21 81 27 82 23 22 16 0 14 
5 9 3 11 4 10 103 76 5 6 
108 107 103 111 105 108 34 28 0 12 
103 107 97 111 100 108 23 18 0 16 
95 103 91 105 93 103 21 19 0 8 
90 99 88 100 88 99 22 19 0 5 
135 94 110 116 125 107 64 28 0 215 
87 91 86 92 86 91 20 19 0 3 
87 88 86 89 86 88 19 17 0 3 
90 81 87 85 88 82 24 20 0 9 
93 75 92 76 92 75 20 18 0 3 
131 66 95 83 109 72 39 21 0 244 
6 9 4 11 4 10 97 79 6 7 
97 104 95 105 95 104 23 18 0 4 
103 103 100 105 101 104 36 32 0 7 
109 102 105 107 107 104 62 46 0 17 
91 99 90 100 90 99 24 22 0 3 
129 96 109 112 120 105 46 26 0 151 
122 79 121 80 121 79 22 18 0 3 
119 66 95 76 105 72 34 19 0 135 
5 9 3 11 3 10 87 71 7 8 
103 100 102 101 102 100 43 38 0 4 
94 97 90 101 92 98 22 18 0 9 
127 94 105 108 117 102 52 26 0 164 
91 74 90 75 90 74 20 18 0 3 
116 66 94 76 103 71 33 20 0 150 
5 9 3 11 3 10 87 69 7 8 
93 99 92 100 92 99 16 16 0 3 
96 98 95 99 95 98 29 20 0 3 
126 93 99 107 114 101 45 25 0 172 
114 70 96 75 104 72 29 19 0 63 
100 66 94 68 97 67 24 18 0 14 
6 9 4 11 5 10 100 54 6 7 
123 93 98 106 113 101 44 25 0 160 
100 72 95 76 97 74 26 19 0 18 
113 71 102 76 107 73 33 18 0 34 
100 66 94 69 96 67 23 18 0 12 
3 14 1 16 2 15 19 18 0 5 
112 97 111 98 111 97 47 38 0 3 
121 94 96 105 109 100 48 25 0 159 
112 74 111 75 111 74 18 17 0 3 
109 72 94 75 100 73 28 19 0 50 
98 67 94 69 96 67 23 17 0 9 
1 21 1 22 1 21 16 16 0 2 
3 15 1 19 2 16 20 17 0 7 
116 96 90 107 104 101 44 24 0 181 
106 73 89 76 98 74 29 18 0 52 
96 67 95 69 95 68 21 18 0 4 
2 17 1 17 1 17 17 16 0 2 
71 2 71 2 71 2 151 151 1 1 
67 2 67 2 67 2 117 117 1 1 
112 94 86 107 100 102 48 24 0 177 
106 74 103 77 104 75 20 16 0 8 
101 74 86 77 92 75 30 20 0 40 
95 67 91 69 92 68 22 17 0 11 
1 17 1 17 1 17 16 16 0 1 
72 2 72 2 72 2 81 81 1 1 
68 2 68 2 68 2 127 127 1 1 
95 100 85 102 91 101 45 38 0 11 
106 99 79 110 93 104 44 23 0 186 
47 93 45 98 46 95 26 19 0 9 
56 90 48 95 51 92 38 26 5 24 
102 74 82 79 91 76 30 19 0 75 
69 2 68 3 68 2 150 118 2 3 
62 2 61 2 61 2 132 123 2 2 
100 102 99 102 99 102 25 22 0 2 
102 100 74 112 87 106 48 25 0 226 
94 75 80 79 87 77 29 20 0 56 
92 68 89 70 90 69 21 17 0 10 
66 2 65 3 65 2 145 143 2 2 
63 2 62 3 62 2 127 113 2 2 
59 2 59 2 59 2 127 127 1 1 
101 102 70 115 83 109 49 26 0 247 
95 75 74 81 84 77 34 20 0 78 
92 69 91 70 91 69 16 16 0 3 
88 69 88 69 88 69 17 17 0 1 
63 2 63 2 63 2 108 108 1 1 
102 104 69 119 83 112 54 27 0 294 
95 75 75 83 85 79 33 20 0 100 
92 70 89 71 90 70 21 18 0 5 
60 2 60 2 60 2 135 135 1 1 
56 2 56 2 56 2 139 139 1 1 
89 119 88 119 88 119 17 16 0 2 
102 105 86 110 95 107 55 32 0 45 
98 104 67 119 81 112 59 29 0 248 
102 83 101 84 101 83 18 17 0 3 
97 79 96 81 96 80 23 20 0 4 
72 79 71 80 71 79 19 17 0 3 
96 74 74 81 84 77 36 20 0 107 
92 68 87 71 89 69 22 17 0 22 
106 21 98 24 102 22 21 16 0 18 
110 103 72 119 90 112 52 29 10 293 
70 103 69 104 69 103 19 17 0 3 
71 87 70 88 70 87 20 18 0 3 
105 68 74 83 90 76 33 20 0 214 
100 24 100 24 100 24 18 18 0 1 
113 108 103 110 108 109 48 29 0 18 
112 107 77 119 92 113 57 31 10 233 
117 98 110 106 114 102 29 19 0 21 
119 92 118 93 118 92 16 16 0 3 
70 91 69 92 69 91 18 17 0 3 
115 67 77 86 95 76 41 21 0 272 
94 27 93 28 93 27 18 17 0 3 
100 24 97 27 98 25 21 17 0 6 
99 21 97 22 98 21 18 17 0 4 
91 21 90 22 90 21 21 19 0 3 
