131 31 125 38 128 34 17 1 0 29 
27 28 26 30 26 29 0 0 0 4 
149 27 138 35 143 31 70 16 9 102 
167 26 157 33 161 29 51 13 1 85 
9 26 4 30 6 27 60 5 0 26 
114 22 105 28 109 24 94 12 4 61 
100 16 88 23 93 19 159 26 6 85 
146 10 135 18 140 14 116 18 6 89 
54 8 43 16 48 12 124 24 10 96 
187 0 0 119 92 26 255 14 4 570 
135 29 129 36 132 32 25 3 0 37 
32 28 30 34 30 31 4 0 0 12 
28 26 26 34 26 29 1 0 0 12 
171 25 161 32 165 28 53 11 0 80 
153 25 142 34 147 29 70 14 6 106 
119 20 109 26 113 23 103 14 7 67 
103 14 92 21 97 17 171 26 7 86 
150 8 139 16 144 12 124 18 7 94 
57 7 46 15 51 10 133 26 13 105 
187 0 0 119 96 31 255 6 0 465 
33 32 31 36 31 34 1 0 0 7 
140 29 135 35 137 31 13 2 0 26 
30 26 27 35 28 30 0 0 0 15 
158 25 148 34 153 29 72 17 8 96 
176 24 166 31 170 27 50 13 0 81 
124 20 114 26 119 23 100 14 6 71 
109 14 97 21 102 17 159 26 6 90 
155 7 144 15 149 11 131 21 9 89 
61 7 49 15 55 10 137 27 11 108 
187 0 0 119 95 32 255 3 0 447 
42 28 39 38 40 33 2 0 0 16 
152 27 147 35 150 29 24 3 0 24 
38 25 35 36 36 30 3 0 0 17 
170 23 159 32 164 27 69 14 9 104 
185 22 176 30 180 26 44 6 0 68 
136 18 126 24 131 21 105 15 6 71 
28 16 21 28 24 21 60 5 2 77 
120 12 109 19 114 15 175 27 6 90 
72 6 60 14 65 10 107 25 17 110 
165 5 155 13 160 8 137 20 8 85 
187 1 0 119 93 34 5 0 0 424 
160 23 157 30 158 26 11 1 0 19 
155 23 154 24 154 23 0 0 0 4 
176 19 166 28 171 23 68 14 9 101 
143 12 133 19 138 15 117 14 7 75 
127 6 116 13 121 9 190 29 6 88 
187 1 0 119 103 25 146 7 16 630 
164 28 163 29 163 28 4 2 0 3 
168 22 162 29 166 24 13 1 0 21 
184 19 174 28 178 23 68 14 5 100 
151 11 141 18 146 14 96 16 5 75 
136 4 124 12 129 8 137 28 7 103 
187 1 0 119 100 27 132 8 19 548 
68 11 62 27 64 20 38 6 0 49 
169 9 159 16 163 12 104 15 6 73 
44 6 36 22 39 14 53 7 0 94 
187 0 0 119 102 25 201 10 14 594 
73 12 65 26 68 19 82 14 3 94 
174 8 165 15 169 11 126 14 7 66 
187 0 0 119 80 23 168 10 28 771 
176 8 167 10 171 9 140 10 1 28 
176 7 66 25 94 15 117 16 12 157 
187 1 0 119 77 23 205 12 38 763 
79 10 69 27 73 18 101 19 10 140 
178 8 170 15 174 11 107 15 5 64 
187 0 0 119 80 21 200 13 35 823 
88 12 80 29 84 20 102 22 9 134 
185 8 177 15 181 11 95 14 5 65 
187 1 1 119 138 20 170 7 8 371 
124 0 0 119 44 21 122 23 38 518 
78 18 73 22 75 20 42 6 0 24 
109 12 101 29 104 21 91 18 13 114 
187 0 177 119 186 56 108 2 0 126 
184 0 0 119 70 15 138 18 38 755 
79 20 73 25 76 22 38 5 0 40 
109 15 101 32 104 24 90 15 9 103 
71 5 47 23 61 14 101 30 30 311 
187 0 176 119 186 56 96 1 0 126 
183 0 0 119 83 18 156 14 12 429 
82 16 73 32 77 24 104 20 12 135 
180 10 172 17 176 13 92 14 6 66 
187 1 0 119 83 20 169 16 50 988 
185 22 184 25 184 23 2 0 0 6 
179 22 174 26 176 23 2 0 0 12 
185 19 184 20 184 19 0 0 0 3 
60 12 49 29 54 20 99 21 14 163 
164 11 154 17 159 13 108 15 4 69 
187 0 0 119 78 20 159 16 40 931 
172 24 166 32 169 27 30 4 0 38 
156 14 145 20 150 17 95 17 6 74 
50 13 39 32 44 22 107 24 13 171 
47 9 46 10 46 9 2 0 0 3 
141 6 129 15 134 10 160 31 6 105 
187 0 0 119 84 21 130 16 46 918 
183 24 182 30 182 26 1 0 0 9 
179 24 178 25 178 24 0 0 0 3 
62 21 52 37 57 29 106 30 14 174 
168 14 158 21 163 17 109 15 6 77 
153 9 141 17 147 13 183 31 5 103 
102 5 88 15 95 10 125 30 15 140 
187 1 0 119 65 25 101 11 16 712 
26 0 23 0 24 0 98 83 0 4 
85 19 74 37 79 28 116 32 11 181 
184 8 176 16 180 12 100 15 8 68 
187 0 0 119 87 21 255 15 40 1028 
87 19 76 36 81 28 122 31 17 178 
62 15 33 29 46 22 102 25 26 261 
187 0 0 119 112 21 255 12 28 778 
69 23 58 39 63 31 120 29 13 169 
176 13 167 20 171 16 97 14 6 71 
47 11 18 30 32 21 102 32 21 303 
162 8 152 17 157 12 192 32 8 97 
112 7 98 17 105 11 136 32 15 146 
187 1 0 119 93 34 18 0 0 424 
80 24 61 42 69 33 93 20 20 219 
51 12 22 30 36 21 101 32 23 330 
180 11 171 19 175 14 104 14 5 77 
167 6 156 15 161 10 168 31 5 104 
117 6 103 16 110 11 119 35 17 144 
187 1 0 119 93 34 2 0 0 424 
117 22 96 38 105 30 86 16 18 223 
86 15 51 30 67 23 105 30 31 394 
187 0 0 119 102 28 113 9 6 530 
136 28 127 39 131 34 95 17 8 91 
123 22 115 36 119 29 100 17 10 106 
105 20 70 33 87 26 105 33 26 331 
187 1 1 119 129 24 5 0 0 293 
159 0 0 119 55 39 142 13 2 187 
145 29 134 39 139 33 103 23 8 109 
158 28 154 38 155 33 1 0 0 16 
115 25 82 33 97 29 101 24 33 238 
131 22 125 35 128 28 83 8 3 81 
187 1 0 119 94 33 3 0 0 432 
158 0 157 0 157 0 93 91 0 2 
165 43 164 44 164 43 0 0 0 3 
149 33 143 38 146 35 86 12 6 42 
161 31 157 36 158 33 0 0 0 9 
140 31 135 36 137 33 84 6 0 36 
187 1 0 119 93 34 4 0 0 424 
144 33 140 37 142 35 64 5 0 25 
136 32 132 36 134 34 68 3 0 25 
162 31 154 40 158 35 3 0 0 20 
121 25 116 30 118 27 37 5 0 26 
116 17 115 21 115 19 0 0 0 7 
187 1 0 119 93 34 5 0 0 424 
153 34 145 41 149 37 1 0 0 18 
112 17 105 34 108 25 95 17 14 130 
187 0 0 119 97 32 112 2 0 453 
149 39 146 46 147 42 1 0 0 12 
142 38 141 39 141 38 0 0 0 3 
137 26 132 35 134 30 72 10 2 56 
108 18 99 36 103 27 96 20 16 152 
187 0 0 119 101 30 159 5 1 487 
146 39 137 46 141 41 6 0 0 27 
134 21 126 36 129 30 96 19 10 104 
104 18 95 36 99 27 93 22 13 171 
80 6 66 13 73 9 255 37 16 108 
187 0 0 119 101 29 150 6 4 499 
139 38 134 45 136 41 10 1 0 19 
128 20 118 36 123 29 103 26 13 131 
114 19 113 20 113 19 1 0 0 3 
98 17 89 35 93 26 96 23 14 171 
76 5 62 14 69 9 255 40 16 136 
187 0 0 119 101 29 135 8 7 508 
127 46 121 54 123 50 6 0 0 21 
115 28 104 45 109 37 107 30 15 168 
86 25 77 43 81 34 94 22 15 170 
66 10 52 21 58 15 255 46 17 156 
140 5 126 16 133 10 144 30 11 145 
187 1 0 119 93 34 5 0 0 424 
139 49 136 54 137 51 4 1 0 12 
132 31 116 49 124 40 106 30 13 208 
103 17 66 48 85 30 236 32 50 436 
151 5 137 16 144 10 144 30 10 140 
187 1 0 119 93 34 5 0 0 424 
154 45 152 50 153 47 4 0 0 10 
148 27 125 46 137 36 107 34 28 282 
118 18 81 46 101 30 255 34 75 455 
187 1 0 119 106 28 126 7 8 542 
164 39 160 45 162 41 8 1 0 13 
158 21 135 41 147 30 114 36 34 296 
128 12 91 40 110 24 254 34 72 484 
187 0 0 119 98 31 120 2 1 456 
163 36 160 42 161 38 4 0 0 10 
157 16 135 37 147 26 122 38 31 325 
127 6 91 35 110 19 250 32 62 494 
187 1 0 119 94 33 6 0 0 428 
152 42 151 43 151 42 2 0 0 3 
149 41 146 43 147 41 6 1 0 6 
146 17 119 38 131 27 109 41 27 386 
112 6 76 34 94 18 201 32 59 505 
187 0 0 119 99 30 104 4 0 471 
112 38 107 40 109 38 9 1 0 12 
118 37 117 38 117 37 8 4 0 3 
104 14 70 26 92 20 111 45 20 227 
187 1 0 35 87 17 110 26 15 338 
187 0 0 119 77 25 255 24 75 834 
87 36 85 40 85 38 3 0 0 7 
87 18 86 19 86 18 3 2 0 3 
83 13 53 40 63 24 123 44 42 419 
187 0 91 119 176 30 160 9 7 252 
159 0 0 119 46 16 241 24 64 836 
86 13 51 40 63 24 129 45 44 425 
187 0 149 119 178 30 190 10 5 250 
159 0 0 119 43 16 237 23 62 825 
94 38 92 40 93 39 3 0 0 6 
89 36 82 40 85 38 5 0 0 16 
81 13 58 34 69 23 130 48 48 400 
187 0 110 119 172 27 174 7 4 282 
110 0 0 119 37 18 255 24 51 761 
98 41 87 44 92 42 6 1 0 22 
84 17 62 38 72 27 124 47 43 407 
187 0 0 119 77 20 255 22 67 1105 
116 38 107 41 110 39 3 0 0 18 
107 13 81 36 92 23 116 45 38 418 
187 0 0 119 74 22 255 20 57 897 
137 38 131 41 134 39 1 0 0 12 
131 32 130 35 130 33 7 2 0 5 
128 13 104 34 115 22 113 44 37 394 
187 1 0 119 82 23 249 18 53 887 
159 43 154 44 156 43 0 0 0 10 
149 17 124 38 137 27 109 41 34 377 
100 7 76 35 89 19 247 38 56 389 
187 1 0 119 93 34 4 0 0 424 
181 33 176 40 178 36 10 1 0 15 
161 12 157 13 159 12 3 0 0 4 
173 6 100 34 137 20 255 38 73 716 
187 1 0 119 93 34 6 0 0 424 
144 16 132 36 137 26 106 29 23 219 
184 9 162 30 172 20 113 36 30 319 
129 8 114 19 121 13 255 46 17 164 
187 1 0 119 93 34 17 0 0 424 
184 5 181 9 182 6 6 4 0 6 
153 5 124 33 140 17 255 35 32 379 
187 1 0 119 124 27 109 15 33 679 
187 1 0 119 129 22 255 21 66 1038 
179 6 144 11 165 9 28 8 0 43 
187 1 0 119 130 23 255 22 71 1117 
178 11 137 17 162 15 47 12 0 66 
184 11 113 37 152 23 255 36 88 807 
187 1 0 119 92 34 22 0 0 430 
157 16 119 20 141 18 24 5 0 37 
169 13 97 40 136 27 255 39 101 947 
187 1 0 119 93 34 3 0 0 424 
173 44 167 45 169 44 1 0 0 9 
150 18 118 21 137 20 16 4 0 24 
162 15 90 42 129 28 252 40 104 986 
187 1 0 119 93 34 7 0 0 424 
167 42 166 43 166 42 0 0 0 3 
147 17 115 20 135 18 21 4 0 28 
159 14 87 41 126 27 255 40 114 1008 
187 1 0 119 93 34 6 0 0 424 
173 39 172 40 172 39 0 0 0 3 
178 36 177 37 177 36 2 0 0 3 
159 17 120 17 127 17 13 7 0 12 
165 12 92 38 131 24 254 40 101 1024 
187 1 0 119 93 34 5 0 0 424 
136 11 136 11 136 11 7 7 0 1 
177 6 103 33 143 19 252 38 103 990 
187 1 0 119 93 34 9 0 0 424 
181 6 142 10 154 9 16 7 0 21 
177 6 168 9 173 8 25 3 0 15 
187 1 0 119 134 22 255 23 84 1221 
187 0 0 119 129 21 255 15 60 952 
187 0 0 119 125 24 249 11 30 727 
187 1 0 119 96 33 37 0 0 439 
179 0 178 0 178 0 65 62 0 2 
187 1 0 119 93 34 6 0 0 424 
34 28 28 35 31 31 36 4 0 46 
15 22 5 32 10 27 66 13 3 96 
187 1 0 119 93 34 8 0 0 424 
46 32 34 40 39 35 57 14 5 100 
8 26 2 33 6 28 24 2 0 26 
38 9 33 16 35 12 110 9 1 47 
187 1 0 119 93 34 5 0 0 424 
52 33 41 41 46 36 59 15 5 98 
32 28 20 38 26 32 74 17 12 121 
4 10 3 14 3 12 0 0 0 7 
43 8 32 18 37 12 158 25 6 114 
187 1 0 119 93 34 3 0 0 424 
64 36 52 43 58 39 60 16 4 94 
42 31 30 41 36 35 75 18 11 118 
22 31 16 39 19 34 29 4 0 42 
10 15 9 16 9 15 0 0 0 3 
53 11 41 21 46 15 155 28 8 106 
187 1 0 119 93 33 3 0 0 427 
56 0 56 0 56 0 89 89 0 1 
79 35 66 43 72 38 63 15 12 108 
56 32 43 41 49 36 76 18 10 123 
34 32 28 40 31 35 30 3 0 39 
24 14 14 22 18 18 164 21 5 80 
64 12 52 21 58 16 151 30 12 117 
187 1 0 119 93 34 3 0 0 424 
91 33 79 40 85 36 60 17 4 103 
45 32 39 40 42 35 14 2 0 39 
68 30 55 39 61 34 75 19 14 132 
33 16 22 23 27 19 165 21 6 87 
75 10 63 18 69 14 142 29 9 106 
187 1 0 119 81 29 150 3 7 508 
104 29 91 36 97 32 64 16 4 95 
56 29 49 37 52 33 25 4 0 50 
79 27 66 36 72 31 76 19 8 124 
41 14 30 22 35 18 180 20 5 94 
85 6 72 15 78 10 137 32 12 129 
187 1 0 119 79 28 169 7 4 531 
73 28 67 36 70 31 30 5 0 50 
122 26 109 33 115 29 61 15 7 98 
97 25 84 34 90 29 75 18 9 111 
56 15 45 22 50 18 160 23 6 81 
101 4 87 13 94 8 149 33 13 136 
41 4 28 13 34 8 199 34 7 117 
187 1 0 119 93 34 4 0 0 424 
81 31 81 32 81 31 2 2 0 2 
91 28 85 36 87 31 35 7 0 55 
140 25 127 32 133 28 60 15 5 102 
115 24 102 33 108 28 77 19 8 122 
73 15 61 23 67 19 138 23 7 101 
55 5 42 14 48 9 191 33 6 123 
187 1 0 119 97 27 151 8 12 565 
98 23 90 31 94 26 36 7 0 58 
148 20 134 27 140 23 59 16 6 102 
122 19 109 28 115 23 75 21 9 129 
78 10 66 18 72 14 140 23 5 96 
187 1 1 119 130 25 3 0 0 292 
125 0 0 119 50 25 204 24 13 321 
86 24 79 32 82 27 29 6 0 53 
137 22 124 29 130 25 60 16 6 110 
112 20 98 29 105 24 76 20 9 115 
68 10 55 19 61 14 123 24 8 107 
187 0 0 119 86 24 166 15 11 632 
64 24 58 32 61 28 32 7 0 51 
117 22 103 30 109 26 62 13 5 105 
90 21 76 30 83 25 77 19 14 111 
48 9 35 17 41 13 190 24 4 106 
187 1 1 119 133 37 3 0 0 191 
187 0 0 119 60 20 185 24 6 390 
51 24 44 32 47 27 26 4 0 51 
103 23 89 31 95 27 61 15 7 118 
76 21 62 31 69 25 78 18 12 135 
36 7 24 16 29 11 119 26 7 107 
187 0 73 119 159 31 118 4 0 231 
85 0 0 119 33 24 139 19 11 314 
34 17 33 18 33 17 1 0 0 3 
43 15 36 23 39 18 21 4 0 47 
96 13 82 21 88 17 58 15 7 118 
68 11 54 21 61 16 74 18 12 127 
187 1 0 119 82 29 128 5 9 502 
90 30 76 38 82 34 60 17 5 126 
38 28 31 37 34 32 30 6 0 57 
63 27 49 36 56 31 79 20 16 130 
25 8 15 17 20 12 167 27 4 94 
187 1 0 119 85 26 153 10 19 583 
12 0 11 0 11 0 85 82 0 2 
91 25 77 33 83 28 64 15 6 105 
38 24 31 33 35 28 29 3 0 50 
63 22 49 32 56 26 79 19 12 141 
25 5 14 15 19 10 152 26 4 101 
187 0 0 119 88 28 152 9 9 514 
87 25 73 33 80 29 60 17 2 117 
34 24 27 33 30 27 27 2 0 43 
59 22 45 32 52 26 76 19 12 137 
22 4 11 14 16 9 137 25 5 107 
187 0 0 119 88 29 145 9 8 503 
88 29 74 37 80 33 60 18 5 128 
34 27 28 36 31 31 26 4 0 49 
60 26 45 35 52 30 75 20 16 141 
22 7 12 16 17 11 148 28 7 97 
187 1 0 119 87 27 185 13 9 543 
94 35 80 43 86 39 62 20 8 130 
40 33 32 41 36 36 24 5 0 46 
66 32 51 42 58 36 77 22 15 143 
27 11 16 21 21 16 158 26 6 108 
75 4 61 15 68 9 158 43 20 175 
187 0 0 119 88 32 123 2 0 454 
105 33 90 40 97 36 63 20 13 125 
49 33 42 41 45 36 25 4 0 48 
76 30 61 40 68 34 76 20 15 149 
33 13 22 22 27 17 187 25 6 99 
187 0 0 119 81 23 174 17 25 680 
63 32 56 40 59 35 28 5 0 49 
121 29 106 36 113 32 63 19 15 125 
91 28 75 38 83 32 77 20 15 153 
45 14 32 24 38 18 162 27 8 111 
187 1 24 119 142 27 6 0 0 267 
96 0 0 119 39 21 178 32 12 399 
75 25 69 34 72 29 26 4 0 49 
135 19 120 27 127 23 60 16 8 118 
104 19 88 30 97 24 76 21 18 139 
54 10 42 19 48 14 179 28 8 108 
187 1 0 119 82 29 174 8 7 513 
75 21 68 30 71 25 26 4 0 51 
137 16 121 24 128 20 57 16 0 138 
105 15 89 26 97 20 77 21 15 154 
54 6 40 15 46 10 153 30 7 120 
187 0 0 119 84 30 146 7 3 489 
57 20 50 29 53 23 24 3 0 44 
121 16 105 24 112 20 55 12 0 115 
88 14 71 25 79 19 78 21 12 162 
187 1 0 119 78 27 150 6 7 558 
36 16 30 19 33 17 17 3 0 18 
102 13 32 25 84 16 56 15 0 99 
102 11 51 22 68 16 72 18 21 208 
187 1 1 119 134 24 5 0 0 294 
23 0 0 119 6 37 112 15 4 197 
76 15 17 16 54 15 53 32 0 9 
17 12 12 20 14 15 7 1 0 18 
82 10 65 19 73 14 33 3 0 90 
48 6 31 17 40 11 73 20 12 163 
187 1 0 119 93 34 8 0 0 424 
70 13 53 23 61 18 61 9 2 108 
37 8 20 19 29 13 70 19 18 170 
187 1 0 119 93 34 5 0 0 424 
67 17 8 18 37 17 38 19 0 2 
72 10 55 20 63 15 61 12 4 132 
38 6 21 17 30 11 73 20 15 173 
187 1 0 119 93 34 4 0 0 424 
14 16 11 21 12 18 2 0 0 9 
10 13 9 14 9 13 2 0 0 3 
79 12 61 22 69 17 55 7 5 103 
43 8 26 18 34 13 71 21 18 165 
187 1 0 119 93 34 4 0 0 424 
14 15 13 17 13 16 2 0 0 4 
11 11 9 12 10 11 0 0 0 4 
81 8 63 18 71 13 55 10 2 135 
45 5 26 16 35 10 72 20 19 172 
187 1 0 119 93 34 6 0 0 424 
11 12 10 14 10 13 2 1 0 4 
187 1 0 119 76 22 71 6 19 724 
76 4 58 14 66 8 56 6 0 103 
187 1 0 119 75 26 70 5 14 589 
18 25 18 25 18 25 0 0 0 1 
89 17 70 27 79 21 56 9 5 130 
51 13 33 24 42 18 71 20 16 176 
187 1 0 119 91 33 6 0 0 432 
9 0 7 0 8 0 74 66 0 3 
28 16 27 19 27 17 3 1 0 6 
99 13 24 13 82 13 49 35 0 5 
103 6 23 15 91 10 56 6 1 114 
62 4 42 15 52 9 70 20 14 184 
187 0 0 119 90 32 94 1 0 440 
37 20 36 24 36 21 2 0 0 8 
33 18 32 21 32 19 6 1 0 5 
69 4 51 17 60 10 67 19 15 179 
18 4 7 14 12 8 110 29 10 110 
187 1 0 119 95 28 42 1 0 525 
31 5 30 6 30 5 7 2 0 3 
187 1 0 119 91 33 11 0 0 435 
11 0 8 0 9 0 71 59 0 4 
187 1 0 119 93 34 15 0 0 424 
187 0 22 119 129 22 68 2 0 324 
22 0 0 119 3 45 103 3 0 158 
187 0 0 119 79 19 121 13 20 883 
84 16 83 17 83 16 0 0 0 3 
61 5 48 14 54 9 115 31 9 120 
35 4 24 12 29 7 135 34 7 106 
187 0 0 119 97 27 68 5 7 550 
111 21 110 22 110 21 1 0 0 3 
16 16 8 23 12 19 101 12 6 59 
82 6 69 14 75 9 140 32 12 122 
53 6 42 14 47 10 167 35 10 107 
187 1 1 119 130 24 26 0 0 298 
142 0 0 119 38 37 100 20 17 311 
16 33 15 34 15 33 6 3 0 3 
19 16 11 23 14 19 101 12 2 58 
117 15 115 21 116 18 10 2 0 14 
112 12 111 13 111 12 0 0 0 3 
57 5 45 14 51 9 170 33 10 119 
86 4 73 13 79 8 144 33 10 126 
187 1 0 119 69 34 193 18 20 662 
141 0 139 0 140 0 61 59 0 3 
24 33 23 34 23 33 2 1 0 3 
126 12 16 43 107 18 4 1 0 6 
122 11 121 15 121 12 6 2 0 6 
66 5 53 14 59 9 157 34 10 124 
95 4 82 13 88 8 133 33 14 134 
187 1 0 119 53 34 199 20 41 907 
40 31 38 32 38 31 1 0 0 5 
41 17 18 29 34 22 90 12 7 82 
139 9 138 11 138 10 2 1 0 4 
15 5 4 14 9 9 196 33 6 107 
187 1 0 119 55 31 222 30 82 1284 
59 39 59 41 59 40 9 8 0 3 
59 35 57 36 58 35 5 1 0 5 
53 31 33 53 42 42 204 50 30 387 
31 28 12 49 21 39 104 42 28 373 
59 21 50 28 54 24 97 15 9 70 
29 10 17 19 22 14 206 34 8 107 
99 5 85 14 92 9 153 35 7 130 
187 1 0 119 99 27 127 9 20 544 
83 39 80 40 81 39 2 0 0 7 
77 36 56 57 66 46 225 52 25 387 
53 34 33 53 43 43 105 44 28 378 
82 26 71 32 76 28 106 14 5 77 
48 16 36 24 41 20 209 36 4 106 
119 7 105 17 112 12 155 34 10 136 
187 1 0 119 102 28 128 9 15 530 
105 40 103 41 104 40 2 0 0 4 
103 38 78 59 88 48 255 50 38 396 
75 36 53 56 64 46 109 45 31 386 
102 27 92 33 97 30 98 17 8 67 
66 20 55 28 60 23 215 39 10 101 
137 6 123 16 129 10 177 34 8 135 
187 1 1 119 129 24 3 0 0 293 
160 0 0 119 57 38 151 16 1 191 
90 50 88 51 89 50 9 5 0 4 
91 36 89 39 90 37 7 2 0 7 
85 33 64 54 73 43 222 53 22 375 
61 32 40 51 50 41 106 46 25 367 
90 23 78 29 84 25 101 14 6 55 
54 14 42 22 47 18 214 37 7 110 
127 4 112 13 119 8 151 36 10 135 
187 0 0 119 100 29 122 8 4 495 
63 40 59 42 61 40 3 0 0 8 
61 36 36 59 46 47 184 50 25 385 
34 29 15 53 24 42 104 41 30 382 
16 29 15 30 15 29 2 1 0 3 
63 26 53 33 57 29 95 16 8 77 
32 12 20 22 25 17 240 34 8 115 
158 11 156 12 157 11 1 0 0 4 
103 10 88 19 95 14 150 36 8 139 
162 8 161 9 161 8 2 0 0 3 
131 5 118 14 124 9 127 37 15 136 
187 1 0 119 93 34 7 0 0 424 
40 36 38 50 38 39 3 1 0 5 
41 20 18 31 36 23 116 14 5 73 
146 9 144 14 145 11 1 0 0 9 
141 9 140 15 140 11 11 3 0 8 
82 6 69 15 75 10 171 38 9 128 
113 4 99 13 106 8 144 39 17 130 
15 4 4 14 9 8 222 36 5 111 
187 1 0 119 47 38 247 28 57 1081 
133 17 3 33 30 30 129 50 3 18 
26 16 17 23 21 19 98 17 6 72 
133 9 132 13 132 11 7 1 0 8 
128 8 127 14 127 10 6 1 0 10 
187 1 0 119 60 28 211 26 53 1073 
113 12 107 21 111 15 17 1 0 25 
10 12 2 19 6 15 95 16 6 68 
187 0 0 119 86 21 179 16 26 776 
104 17 97 26 100 20 11 1 0 35 
72 5 57 15 64 9 156 35 14 152 
187 0 0 119 86 22 165 13 29 724 
99 23 92 33 95 27 16 2 0 42 
68 10 53 21 60 15 166 36 12 157 
38 4 27 15 32 9 184 40 12 131 
187 1 0 119 102 25 72 6 18 665 
107 20 100 30 103 24 16 2 0 47 
74 8 59 19 66 13 138 36 16 161 
43 5 31 15 37 9 157 44 18 127 
187 0 0 119 97 25 80 7 17 629 
111 24 110 25 110 24 3 1 0 4 
117 15 113 25 115 20 8 2 0 23 
113 14 110 22 110 17 15 3 0 19 
11 14 3 22 6 18 88 16 7 73 
81 5 66 16 73 10 155 38 17 171 
49 4 36 14 42 9 198 40 10 141 
187 0 0 119 98 31 66 1 0 470 
15 15 7 22 10 18 83 16 6 66 
126 9 122 17 124 13 3 0 0 16 
121 7 119 16 119 11 7 2 0 14 
187 1 0 119 70 25 185 23 49 825 
23 46 22 47 22 46 1 0 0 4 
187 0 0 119 52 32 220 25 30 960 
37 39 36 41 36 40 1 0 0 4 
38 9 14 37 30 16 125 27 6 100 
187 1 0 119 47 31 217 29 62 1103 
39 73 38 74 38 73 1 0 0 4 
56 41 55 43 55 41 7 2 0 5 
57 27 56 28 56 27 2 1 0 3 
52 25 31 47 41 35 246 52 40 424 
29 24 9 44 18 34 102 42 37 363 
54 12 44 19 49 15 106 18 7 80 
20 6 10 14 14 9 250 35 7 94 
187 1 0 119 93 34 4 0 0 424 
54 50 51 52 52 51 8 2 0 6 
49 33 29 55 38 43 254 53 27 427 
27 29 7 51 17 40 102 42 37 368 
53 20 42 27 47 23 99 19 8 80 
20 9 9 18 14 13 229 32 7 103 
187 0 0 119 91 27 192 14 10 542 
187 0 0 119 47 32 255 30 75 1282 
26 48 25 49 25 48 5 1 0 3 
28 14 8 30 22 19 127 15 3 89 
187 0 0 119 54 35 224 26 44 951 
28 48 27 49 27 48 1 0 0 3 
187 0 0 119 49 34 233 26 57 1054 
51 32 28 55 38 43 255 58 27 436 
27 26 7 50 16 39 100 41 22 397 
52 18 41 25 46 21 120 22 6 89 
18 8 7 17 12 12 229 31 5 108 
187 0 0 119 93 33 128 1 0 439 
90 50 89 51 89 50 0 0 0 3 
91 37 87 38 89 37 5 1 0 8 
83 34 62 57 72 46 255 59 41 435 
59 33 36 53 48 43 105 45 29 406 
83 21 72 28 77 24 112 23 6 89 
43 16 31 24 37 19 205 36 11 101 
187 1 0 119 93 34 6 0 0 425 
95 47 90 49 92 48 2 0 0 10 
88 32 66 55 76 43 255 56 52 472 
62 31 41 51 51 41 111 45 32 413 
87 18 76 25 81 21 118 25 9 89 
45 14 33 22 39 17 224 36 12 104 
187 1 0 119 93 34 8 0 0 424 
66 28 44 51 54 39 255 59 27 457 
41 25 20 47 30 37 102 42 42 418 
67 13 56 20 61 16 132 22 4 88 
27 7 15 16 21 11 248 38 12 113 
187 1 0 119 93 34 5 0 0 424 
52 26 50 27 51 26 1 0 0 4 
45 23 23 48 33 35 255 56 48 454 
47 7 3 29 36 14 179 22 7 113 
187 1 0 119 49 30 171 21 41 903 
48 38 45 39 46 38 2 0 0 6 
42 23 20 49 30 35 246 54 46 470 
44 7 3 24 34 12 163 21 8 105 
187 1 0 119 52 31 160 22 41 826 
53 40 49 42 51 41 1 0 0 9 
54 29 53 30 53 29 0 0 0 3 
47 26 24 51 34 37 242 53 50 483 
22 25 3 46 12 35 101 42 36 391 
48 10 37 18 42 13 151 25 10 93 
187 1 0 119 75 28 189 7 7 535 
46 41 42 44 44 42 1 0 0 9 
40 28 18 53 28 39 255 55 46 467 
43 10 31 19 37 14 150 23 7 104 
187 1 0 119 53 32 142 21 43 831 
