85 60 79 64 82 62 183 15 2 32 
81 60 75 64 78 62 222 15 2 35 
71 58 65 62 68 60 198 14 2 35 
61 57 54 61 57 59 201 14 2 40 
48 58 41 62 44 60 132 11 2 40 
32 58 26 63 28 60 74 8 2 37 
21 58 16 63 18 60 77 7 2 36 
31 58 25 63 27 60 61 9 3 38 
55 58 48 63 51 60 55 8 1 45 
82 57 75 61 78 59 107 11 2 40 
101 56 95 60 98 58 218 14 2 35 
112 58 106 62 109 60 160 12 1 35 
115 57 109 61 112 58 183 12 1 34 
99 57 93 62 96 59 78 9 3 42 
85 57 79 62 82 59 162 11 2 40 
84 56 79 61 81 58 92 11 4 36 
85 56 80 61 82 58 127 11 3 36 
97 56 90 60 93 57 207 17 1 39 
126 54 118 58 122 56 191 13 1 45 
130 53 124 58 126 55 98 10 3 41 
110 51 103 56 106 53 145 13 3 45 
91 52 85 57 87 54 131 14 4 41 
84 56 78 61 81 58 123 12 3 41 
84 55 78 60 81 57 169 12 2 40 
91 54 84 59 87 56 108 12 4 39 
102 53 95 58 98 55 161 13 2 45 
97 53 91 58 93 55 230 16 2 36 
88 51 81 56 84 53 180 13 2 45 
85 50 79 55 81 52 212 16 2 36 
87 50 81 54 84 52 248 18 2 35 
87 49 81 54 84 51 186 14 3 40 
89 48 83 53 86 50 181 13 2 41 
93 47 87 52 89 49 108 12 4 41 
92 48 86 53 89 50 201 13 3 41 
92 45 86 50 89 47 235 16 2 37 
92 43 86 48 89 45 108 12 4 42 
93 44 87 49 89 46 150 15 4 37 
93 45 87 50 89 47 173 14 2 37 
93 45 87 50 89 47 219 15 2 39 
93 46 87 51 90 48 255 18 2 37 
93 46 87 51 90 48 113 12 4 42 
93 46 87 51 90 48 117 13 4 37 
94 47 88 52 91 49 240 16 2 37 
98 49 91 53 94 51 237 17 2 40 
107 47 100 52 103 49 202 14 2 42 
114 47 107 52 110 49 174 13 2 42 
118 46 112 51 115 48 242 15 2 40 
110 46 104 51 107 48 220 15 2 41 
105 46 98 51 101 48 161 12 4 46 
98 46 91 51 94 48 112 13 4 44 
89 46 83 51 86 48 255 17 2 40 
89 45 82 51 85 47 249 15 2 46 
83 44 77 49 80 46 121 13 5 42 
77 47 70 52 73 49 178 14 4 46 
68 54 62 59 65 56 129 14 4 42 
73 56 66 61 69 58 204 15 2 46 
84 55 77 60 80 57 214 18 3 47 
89 54 83 59 86 56 155 17 4 42 
98 51 90 56 94 53 255 20 2 47 
108 52 101 57 104 54 246 18 2 46 
103 51 95 56 99 53 242 17 4 51 
98 50 91 55 94 52 163 17 4 47 
89 48 82 53 85 50 196 17 4 47 
82 49 75 54 78 51 139 17 4 47 
73 49 65 54 69 51 255 19 5 52 
67 49 60 54 63 51 255 20 4 46 
75 49 67 54 71 51 186 19 4 49 
86 50 78 56 82 52 255 20 5 58 
98 50 91 55 94 52 255 24 4 47 
99 49 91 55 95 51 255 22 3 58 
87 51 79 56 83 53 244 23 5 52 
82 53 74 58 78 55 255 24 4 50 
85 53 76 59 80 55 255 21 4 64 
88 53 80 59 83 56 255 24 6 58 
91 52 82 58 86 54 196 26 4 55 
89 52 81 58 85 54 200 26 4 56 
89 52 80 58 84 54 215 25 4 64 
87 51 79 57 83 54 255 28 4 59 
93 51 84 57 88 53 245 29 4 65 
105 52 95 58 99 54 238 32 5 66 
115 53 105 59 109 55 255 29 8 61 
119 51 109 58 113 54 255 34 5 67 
110 53 100 59 105 55 255 29 6 71 
102 53 92 60 96 56 255 29 5 74 
97 53 87 59 92 55 255 35 6 71 
94 53 84 59 89 56 255 32 6 74 
91 52 80 58 85 55 255 31 8 80 
94 49 83 56 88 52 255 34 6 79 
95 51 84 58 89 54 255 36 6 77 
97 50 85 57 91 53 255 36 6 85 
99 56 88 63 93 59 255 38 7 81 
106 58 94 64 100 61 255 38 5 80 
118 58 106 64 112 61 255 38 8 86 
114 57 102 64 108 60 255 38 7 93 
104 56 92 63 98 59 255 40 6 93 
99 57 86 64 92 60 255 41 6 98 
97 58 84 66 90 61 255 42 9 101 
95 53 82 61 88 57 255 44 7 103 
101 53 87 60 93 56 255 44 7 106 
101 52 86 60 93 55 255 48 8 111 
100 54 86 62 92 57 255 49 10 117 
103 57 88 65 95 60 255 52 11 120 
109 64 93 71 101 67 255 44 9 120 
118 62 101 71 109 66 255 48 11 139 
122 63 106 71 113 67 255 51 10 135 
119 62 102 71 110 67 255 53 11 145 
111 61 93 70 102 65 255 59 13 154 
105 60 87 70 96 65 255 56 13 167 
100 60 81 70 90 65 255 62 11 175 
98 63 78 73 87 68 255 62 14 192 
96 64 76 75 85 69 255 67 14 210 
101 66 80 78 90 71 255 70 11 229 
99 68 77 80 87 74 255 74 13 236 
98 70 75 83 86 76 255 76 16 275 
106 73 81 85 93 79 255 84 17 295 
115 69 89 83 102 76 255 86 19 314 
120 70 93 84 106 76 255 85 15 325 
122 69 95 84 108 75 255 85 18 332 
122 68 95 81 108 75 255 90 18 314 
122 67 95 82 109 74 255 86 21 338 
123 65 95 81 108 72 255 87 19 346 
122 65 95 80 108 72 255 89 20 342 
122 63 95 80 108 70 255 87 18 370 
119 65 91 80 105 72 255 91 21 374 
115 64 86 82 100 72 255 94 20 418 
117 65 86 85 102 74 255 96 21 464 
114 66 82 88 98 76 255 101 27 495 

