124 70 84 93 103 81 255 123 35 769 
123 70 83 96 103 82 255 122 30 786 
123 71 83 97 103 82 255 122 35 806 
123 70 83 95 103 82 255 124 35 799 
124 71 84 96 103 83 255 125 31 806 
124 71 83 96 103 83 255 124 35 841 
124 71 83 97 103 84 255 125 40 856 
124 72 83 98 103 84 255 125 33 875 
124 72 83 99 103 85 255 127 38 898 
125 74 83 100 104 86 255 127 41 921 
127 73 84 104 105 87 255 128 43 977 
130 75 87 107 108 89 255 129 39 1018 
134 76 90 105 112 90 255 131 45 1035 
137 77 92 108 114 92 255 130 44 1073 
138 80 94 110 116 94 255 132 45 1078 
139 80 94 112 116 96 255 132 54 1097 
137 83 92 115 114 97 255 130 44 1115 
134 81 89 116 111 98 255 129 48 1165 
132 81 86 116 108 98 255 129 46 1230 
131 82 84 117 107 99 255 131 57 1259 
130 81 83 119 106 99 255 130 59 1354 
130 83 82 119 106 100 255 131 59 1390 
131 83 81 119 106 101 255 133 80 1429 
132 84 82 119 107 102 255 136 85 1464 
135 83 84 119 109 102 255 138 75 1484 
137 82 85 119 110 102 255 138 76 1516 
140 83 87 119 112 101 255 137 89 1544 
139 83 86 119 112 102 255 138 84 1548 
139 85 86 119 111 103 255 145 84 1495 
146 87 88 119 115 104 255 149 95 1553 
153 89 90 119 116 105 255 155 76 1465 
152 91 91 119 118 106 255 155 66 1361 
154 91 93 119 119 106 255 149 65 1340 
143 86 92 119 117 103 255 137 78 1359 
141 84 94 116 117 99 255 131 57 1181 
141 80 99 107 120 93 255 128 34 954 
144 77 105 101 124 89 255 119 34 765 
145 74 109 96 127 85 255 115 28 681 
146 74 111 96 129 84 255 111 30 633 
140 74 104 96 122 84 255 113 30 656 
128 71 89 95 108 83 255 118 32 740 
112 74 72 98 91 85 255 121 31 796 
98 75 58 102 78 88 255 121 28 846 
90 81 3 114 70 92 255 122 36 789 
87 81 47 105 66 92 255 123 33 805 
93 77 3 113 72 90 255 121 37 866 
106 78 66 103 85 90 255 123 31 833 
117 78 77 103 97 90 255 123 33 812 
126 78 86 103 106 90 255 121 34 826 
133 79 94 103 113 90 255 123 31 756 
138 80 100 103 118 90 255 120 37 748 
143 81 105 104 124 93 255 117 30 734 
149 82 111 106 129 93 255 117 30 746 
154 84 116 107 134 95 255 119 34 760 
157 85 118 110 137 97 255 119 33 809 
159 87 120 112 139 99 255 121 34 856 
162 89 120 115 140 102 255 123 45 921 
164 87 122 117 142 101 255 128 62 1064 
163 91 119 119 141 105 255 135 66 1104 
164 93 118 119 140 106 255 142 54 1078 
164 96 117 119 140 108 255 149 54 992 
165 97 117 119 141 109 255 151 54 901 
165 98 117 119 141 110 255 151 51 872 
166 99 118 119 142 110 255 153 56 846 
167 100 118 119 143 110 255 152 50 845 
169 100 119 119 144 110 255 152 58 844 
169 101 119 119 145 111 255 151 58 794 
169 100 118 119 144 110 255 152 60 837 
166 101 114 119 141 111 255 151 64 843 
165 100 112 119 139 110 255 152 66 861 
165 101 111 119 139 111 255 148 68 820 
166 101 112 119 140 111 255 148 65 788 
166 102 112 119 140 111 255 146 63 791 
166 102 112 119 140 111 255 146 62 793 
167 102 113 119 141 111 255 144 70 784 
167 102 112 119 141 111 255 143 67 775 
167 102 113 119 141 111 255 143 63 769 
167 102 114 119 141 111 255 142 64 779 
167 102 114 119 142 111 255 145 63 768 
168 101 116 119 143 111 255 148 64 817 
169 97 117 119 143 109 255 155 65 1010 
169 92 121 119 144 106 255 150 60 1170 
166 89 119 119 142 104 255 138 63 1222 
161 86 116 118 138 101 255 133 63 1180 
151 86 107 115 129 100 255 132 56 1084 
143 84 99 113 121 98 255 131 55 1086 
137 82 92 115 114 98 255 131 43 1135 
134 80 88 115 111 97 255 130 56 1247 
135 80 88 116 111 98 255 130 55 1297 
137 85 89 119 113 101 255 133 63 1307 
141 86 89 119 113 103 255 139 89 1421 
146 87 89 119 116 104 255 147 83 1459 
152 89 90 119 117 105 255 154 67 1431 
153 91 90 119 117 106 255 160 69 1370 
155 94 90 119 119 107 255 160 76 1319 
155 94 93 119 121 108 255 161 79 1255 
155 94 95 119 123 108 255 160 78 1245 
155 90 99 119 125 106 255 153 67 1342 
158 86 101 119 125 102 255 131 79 1323 
145 85 103 112 123 98 255 126 42 944 
147 83 107 107 126 94 255 122 39 811 
151 83 113 107 132 94 255 116 29 720 
153 82 115 106 133 94 255 114 32 701 
155 81 118 106 137 93 255 115 32 751 
161 84 123 109 142 96 255 116 33 777 
163 85 125 110 144 97 255 119 40 838 
166 86 127 113 146 99 255 121 51 891 
170 88 129 118 149 102 255 122 51 965 
171 90 129 119 149 103 255 124 59 1007 
166 89 123 119 144 103 255 127 63 1095 
168 87 114 119 136 103 255 129 67 1214 
185 85 104 119 128 102 255 132 67 1317 
139 85 89 119 113 102 255 132 61 1330 
127 92 80 119 104 106 255 135 50 1098 
122 89 74 119 98 105 255 137 55 1168 
116 90 67 119 92 105 255 140 60 1243 
112 90 62 119 87 105 255 144 65 1274 
111 91 60 119 85 106 255 148 66 1266 
110 93 59 119 84 107 255 153 60 1207 
111 93 58 119 84 107 255 158 65 1195 
111 94 55 119 83 107 255 162 68 1252 
112 94 50 119 82 108 255 163 70 1289 
114 99 54 119 83 110 255 162 78 1060 
114 97 51 119 82 109 255 162 77 1130 
115 99 50 119 82 110 255 158 85 1042 
116 101 52 119 83 111 255 154 75 936 
117 102 53 119 85 111 255 152 81 939 
119 100 54 119 87 110 255 157 84 1036 
122 99 59 119 90 110 255 162 74 1070 
119 95 61 119 90 108 255 164 74 1184 
114 90 61 119 88 106 255 156 69 1308 
109 86 59 119 83 102 255 137 82 1382 
105 86 59 117 81 100 255 133 58 1142 
100 81 56 111 77 95 255 129 49 1023 
91 75 50 105 70 89 255 125 40 958 
86 73 44 105 65 86 255 129 48 945 
82 75 40 106 60 89 255 128 47 993 
81 81 39 111 59 95 255 128 47 1027 
81 86 31 119 58 101 255 127 51 1123 
82 88 33 119 58 104 255 131 64 1165 
83 89 34 119 59 105 255 138 42 1167 
87 89 35 119 63 105 255 143 46 1218 
91 90 40 119 65 105 255 147 49 1247 
93 90 41 119 67 106 255 149 55 1250 
96 90 41 119 69 106 255 155 57 1321 
100 91 44 119 72 107 255 159 67 1320 
103 91 39 119 74 107 255 163 76 1375 
106 93 43 119 76 107 255 164 75 1331 
112 95 48 119 81 108 255 164 78 1234 
116 95 52 119 84 109 255 166 77 1228 
118 98 54 119 85 109 255 163 83 1155 
121 97 55 119 88 110 255 162 83 1156 
123 99 57 119 89 110 255 160 84 1115 
124 100 57 119 90 111 255 157 79 1039 
124 101 57 119 90 111 255 153 78 974 
124 102 58 119 91 111 255 152 79 948 
124 103 58 119 90 112 255 146 76 881 
125 104 58 119 91 112 255 142 81 847 
124 104 58 119 91 112 255 137 83 798 
124 105 59 119 91 113 255 135 77 760 
126 106 60 119 92 113 255 128 64 689 
124 107 58 119 92 113 255 122 67 665 
125 106 57 119 92 113 255 120 66 666 
128 107 60 119 92 113 255 119 69 666 
127 107 60 119 92 113 255 122 68 662 
127 104 61 119 94 112 255 137 79 815 
132 100 63 119 97 111 255 154 84 1015 
131 100 69 119 100 111 255 159 74 984 
130 94 73 119 101 108 255 163 75 1184 
129 94 78 119 103 107 255 152 65 1169 
129 88 81 119 104 104 255 134 50 1216 
132 84 88 116 109 99 255 129 51 1103 
136 85 94 112 114 98 255 129 44 939 
138 85 95 112 116 97 255 128 41 957 
142 85 98 114 120 99 255 130 44 1014 
153 88 101 119 123 103 255 128 54 1123 
155 90 103 119 126 105 255 135 62 1190 
155 92 106 119 129 106 255 141 78 1188 
157 92 108 119 132 106 255 147 70 1206 
162 93 110 119 134 106 255 151 55 1186 
161 95 112 119 136 108 255 156 56 1068 
162 96 112 119 138 108 255 157 53 1022 
163 98 112 119 138 109 255 157 57 947 
164 98 111 119 137 109 255 157 62 967 
164 98 111 119 138 109 255 157 62 985 
164 99 111 119 138 110 255 157 63 917 
164 99 110 119 138 110 255 156 62 922 
164 100 110 119 137 110 255 154 64 887 
164 101 109 119 137 111 255 153 66 865 
163 101 109 119 137 111 255 152 66 826 
164 102 109 119 138 111 255 148 69 809 
165 103 110 119 138 112 255 145 64 756 
165 103 110 119 138 112 255 143 58 752 
165 103 109 119 138 112 255 144 61 775 
165 103 109 119 138 111 255 146 66 787 
165 103 110 119 138 112 255 143 63 752 
166 103 110 119 138 112 255 142 66 772 
166 103 110 119 139 112 255 141 67 759 
166 104 111 119 139 112 255 136 66 712 
165 105 110 119 139 112 255 135 57 676 
166 105 110 119 139 112 255 133 61 678 
166 105 110 119 139 113 255 133 64 667 
166 105 110 119 139 113 255 132 61 663 
165 104 108 119 138 112 255 134 62 705 
165 104 109 119 138 112 255 135 63 721 
166 104 106 119 138 112 255 135 65 720 
166 104 109 119 138 112 255 135 66 730 
166 103 110 119 139 112 255 137 67 746 
166 103 109 119 138 112 255 138 67 767 
167 101 109 119 138 111 255 145 74 859 
166 100 108 119 138 111 255 148 73 910 
167 95 109 119 137 109 255 160 68 1114 
167 89 111 119 136 105 255 152 59 1351 
164 87 109 119 132 103 255 133 74 1285 
150 85 108 114 129 99 255 129 54 983 
150 84 109 110 129 96 255 125 35 861 
152 84 113 109 132 95 255 122 44 829 
156 83 115 110 135 96 255 126 47 916 
160 86 117 114 138 99 255 127 54 1017 
162 90 118 119 140 104 255 128 66 1094 
163 92 119 119 141 106 255 141 63 1069 
166 94 120 119 143 107 255 147 57 1042 
170 96 123 119 146 108 255 151 51 944 
171 98 122 119 147 109 255 152 51 905 
168 99 118 119 143 110 255 154 60 872 
167 99 116 119 142 110 255 155 63 888 
167 100 116 119 142 110 255 153 63 880 
166 100 115 119 142 111 255 151 61 798 
167 101 115 119 142 111 255 151 60 808 
167 102 114 119 142 111 255 148 63 790 
166 102 113 119 140 111 255 148 63 766 
166 102 112 119 140 112 255 147 67 756 
165 103 111 119 139 112 255 145 62 735 
165 103 112 119 139 112 255 142 59 731 
165 103 111 119 139 112 255 143 63 719 
165 103 111 119 139 112 255 144 65 737 
165 103 109 119 138 112 255 143 62 765 
166 103 110 119 139 112 255 142 62 760 
166 103 111 119 139 112 255 139 64 724 
167 103 112 119 140 112 255 139 63 722 
168 103 114 119 142 112 255 137 59 705 
168 104 114 119 143 112 255 136 61 685 
169 104 115 119 143 112 255 136 65 667 
169 104 116 119 144 112 255 136 58 665 
170 104 117 119 144 112 255 136 60 681 
170 103 117 119 144 112 255 138 58 694 