101 60 94 65 97 62 255 17 2 46 
100 60 94 65 97 62 161 15 4 42 
101 60 94 66 97 62 255 15 2 51 
103 60 96 65 99 62 246 17 4 47 
109 60 103 65 106 62 212 18 6 42 
121 63 114 68 117 65 140 15 5 47 
133 67 126 72 129 69 255 18 2 46 
141 67 134 72 137 69 255 17 3 46 
140 65 133 71 136 67 234 15 2 49 
131 63 124 69 127 66 254 17 2 50 
114 63 105 68 109 65 215 17 5 54 
84 69 76 74 80 71 132 16 5 53 
61 69 53 74 56 71 218 17 2 51 
45 66 38 71 41 68 255 18 2 46 
33 66 26 71 29 68 197 15 3 44 
29 65 23 70 26 67 253 16 3 41 
32 64 25 69 28 66 122 12 4 44 
42 63 35 68 38 65 157 15 6 43 
62 63 54 68 57 65 243 19 1 51 
87 60 78 65 82 62 254 20 2 53 
104 61 97 66 100 63 136 15 5 47 
117 57 109 62 113 59 219 16 5 51 
126 55 119 60 122 57 255 17 3 46 
132 54 125 59 128 56 253 18 3 42 
139 54 132 59 135 56 255 17 2 46 
148 53 141 58 144 55 166 14 4 46 
157 56 151 61 154 58 168 16 5 42 
163 57 156 62 159 59 255 15 2 45 
162 56 156 61 159 58 242 17 1 40 
155 55 148 60 151 57 192 14 3 47 
135 58 127 63 131 60 169 15 4 49 
113 61 105 67 108 64 249 17 2 55 
97 66 90 71 93 68 252 19 4 47 
89 67 82 72 85 69 182 14 4 47 
79 67 72 72 75 69 126 15 4 46 
65 68 58 73 61 70 217 19 4 46 
52 66 45 71 48 68 224 16 3 47 
42 65 35 70 38 67 127 14 4 43 
41 65 35 70 38 67 249 18 2 40 
52 66 45 71 48 68 238 18 4 47 
70 64 61 69 65 66 255 19 2 56 
89 62 81 67 85 64 194 16 5 52 
104 62 96 67 99 64 222 18 6 53 
120 60 112 65 116 62 254 20 4 52 
134 59 127 64 130 61 196 18 4 47 
140 61 133 66 136 63 221 18 4 46 
134 61 126 66 130 63 145 18 6 52 
113 63 104 68 108 65 217 19 5 55 
92 65 84 71 88 67 247 19 3 57 
72 66 64 71 68 68 141 17 4 53 
54 66 47 71 50 68 150 18 5 48 
40 64 33 69 36 66 156 16 4 48 
31 63 24 68 27 65 254 20 3 47 
26 62 19 68 22 64 255 16 2 47 
28 63 21 68 24 65 255 17 2 46 
30 64 23 69 26 66 255 19 2 46 
42 64 35 69 38 66 169 19 4 48 
60 65 53 70 56 67 146 19 4 48 
78 62 70 68 74 65 255 21 2 57 
96 62 88 68 91 64 255 22 3 58 
111 63 103 68 107 65 255 21 6 52 
121 60 114 65 117 62 238 23 4 48 
129 57 122 62 125 59 194 20 4 47 
130 57 123 62 126 59 171 19 4 44 
128 57 120 63 124 60 255 20 4 54 
124 59 117 65 120 62 255 22 4 52 
115 62 107 67 111 64 181 22 4 53 
99 64 91 69 94 66 255 24 6 53 
82 67 73 73 77 69 255 21 5 65 
67 71 59 77 63 74 255 20 3 57 
57 69 49 75 52 71 255 20 4 58 
51 66 44 71 47 68 203 22 4 48 
61 64 53 70 56 66 231 25 4 54 
83 67 73 72 78 69 255 25 6 62 
118 65 107 71 112 67 253 21 5 73 
145 59 137 64 141 61 196 22 4 54 
159 60 150 66 154 62 255 20 4 59 
166 61 158 67 161 64 255 18 3 56 
156 63 147 69 151 65 255 23 5 61 
136 67 127 73 131 70 255 22 5 63 
123 66 115 71 118 68 238 26 4 49 
106 68 97 73 101 70 198 23 5 59 
86 66 78 72 82 69 255 23 4 59 
76 63 68 69 72 66 255 22 5 59 
70 62 62 67 65 64 255 23 4 53 
62 63 54 69 57 65 255 22 1 58 
53 64 45 70 49 66 255 22 4 57 
41 66 34 71 37 68 235 24 4 48 
36 67 29 73 32 69 255 22 4 50 
34 70 27 75 30 72 253 22 4 48 
32 72 24 77 28 74 255 22 4 47 
31 71 24 76 27 73 204 22 5 47 
27 71 20 76 23 73 255 21 3 47 
26 70 18 75 22 72 255 19 5 52 
26 68 19 73 22 70 181 21 4 47 
30 66 22 72 26 68 255 21 6 54 
45 62 36 67 40 64 255 23 5 54 
63 56 54 61 58 58 240 23 4 55 
74 64 66 70 69 66 255 24 5 59 
80 67 72 73 76 70 255 21 4 59 
83 64 75 70 79 66 255 21 4 58 
86 63 78 69 82 65 255 20 4 58 
89 62 81 68 85 64 238 24 4 54 
90 53 83 59 86 56 255 23 4 53 
88 52 81 58 84 54 255 22 4 52 
86 51 78 57 81 54 255 20 3 57 
85 54 77 59 80 56 182 21 4 44 
78 54 70 59 73 56 255 24 4 48 
70 56 62 62 66 59 246 24 5 59 
53 62 44 68 48 65 255 22 2 62 
36 64 28 69 32 66 255 22 2 52 
25 65 18 70 21 67 194 18 4 47 
21 63 14 68 17 65 159 18 4 47 
29 64 21 69 25 66 255 21 5 52 
43 65 35 70 39 67 166 21 4 49 
58 64 50 70 54 66 255 21 3 57 
69 64 61 70 64 67 255 22 3 57 
79 66 71 72 74 68 255 23 5 58 
91 67 83 72 87 69 255 25 5 50 
100 61 92 66 96 63 255 27 5 53 
109 60 101 66 104 62 255 25 6 60 
117 61 109 67 113 64 255 23 4 56 
120 61 112 67 116 64 255 24 7 59 
127 66 119 72 123 69 255 23 3 59 
131 70 123 75 126 72 255 25 4 53 
121 66 112 72 116 69 255 24 6 63 
110 68 101 74 105 70 214 27 4 55 
103 63 94 69 98 65 255 27 4 61 
99 59 90 65 94 61 255 23 5 64 
92 62 83 68 87 64 255 27 4 64 
84 55 75 61 79 57 255 26 5 65 
82 63 73 69 77 66 255 24 6 66 
73 63 64 69 68 66 255 26 6 66 
60 65 51 71 55 67 255 22 5 64 
49 61 40 67 44 63 248 26 4 61 
53 55 44 61 48 57 255 26 5 55 
73 55 63 61 68 58 255 26 6 69 
88 60 79 66 83 63 255 25 7 65 
101 59 92 65 96 61 255 29 4 61 
115 60 106 66 110 63 255 28 6 64 
127 62 118 68 122 64 255 28 4 64 
138 62 129 67 133 64 255 29 4 56 
149 61 140 67 144 63 255 25 4 65 
148 60 140 66 144 63 255 26 6 58 
141 60 132 66 136 62 232 27 4 61 
128 62 119 68 123 64 235 28 5 65 
114 63 103 69 108 66 255 25 5 69 
97 65 88 71 92 67 255 29 5 65 
83 64 74 70 78 66 255 33 4 60 
70 64 62 70 66 66 255 33 6 55 
59 60 50 66 54 62 255 28 6 65 
49 56 40 62 44 58 255 26 6 61 
42 58 33 64 37 60 255 22 4 65 
43 56 34 62 38 58 255 24 5 65 
59 60 50 66 54 63 255 32 4 65 
79 68 69 74 74 70 255 32 5 62 
99 68 88 74 93 71 255 25 7 72 
115 67 105 73 110 69 255 26 6 71 
128 68 118 74 123 70 254 28 6 70 
135 69 126 75 130 72 255 26 6 66 
137 70 128 76 132 73 255 26 6 66 
133 66 124 72 128 69 255 28 4 66 
128 66 119 72 123 68 255 30 6 65 
115 64 105 70 110 66 255 30 6 70 
101 62 92 68 96 65 255 31 5 66 
88 61 79 68 83 64 255 34 4 68 
81 67 71 73 76 69 255 30 5 72 
71 67 62 74 66 70 255 30 5 68 
60 64 50 70 55 66 255 30 6 72 
49 61 39 67 44 64 255 28 6 71 
43 61 33 67 37 63 255 26 6 72 
38 60 28 66 33 63 255 27 5 69 
32 60 22 66 27 62 255 31 5 67 
27 61 18 67 22 63 255 32 4 64 
27 60 18 67 22 63 255 28 5 67 
28 60 19 67 23 63 255 30 4 68 
31 61 22 67 26 63 255 30 4 65 
42 61 32 67 36 64 255 30 6 71 
54 62 44 68 48 64 255 30 6 72 
69 60 58 66 63 62 255 31 7 77 
88 58 77 65 82 61 255 33 6 77 
105 62 94 69 99 65 255 33 5 80 
117 64 106 70 111 66 255 32 6 77 
129 63 118 69 123 65 255 33 6 73 
135 67 125 74 129 70 255 29 5 74 
140 68 129 75 134 71 255 31 4 75 
144 67 134 74 139 70 255 30 6 75 
145 67 136 74 140 70 255 32 4 67 
136 70 125 77 130 73 255 33 5 83 
119 78 108 85 113 81 255 30 7 77 
104 74 93 81 98 77 255 31 5 85 
90 72 79 78 84 74 255 36 6 74 
74 71 63 77 68 73 255 31 7 77 
62 67 52 73 56 70 255 30 6 72 
52 65 42 71 46 68 255 30 6 71 
44 64 34 70 38 67 255 31 5 67 
40 62 30 68 35 64 255 33 4 67 
46 61 36 67 41 63 255 33 5 71 
61 61 50 67 55 63 255 32 6 79 
76 63 65 69 70 65 255 31 8 78 
91 64 80 70 85 66 255 34 6 77 
106 68 95 74 100 70 255 36 4 78 
119 69 108 75 113 71 255 34 6 78 
129 68 118 74 123 71 255 33 5 78 
133 76 123 83 128 79 255 40 6 77 
136 78 125 84 130 80 255 35 5 78 
135 72 124 78 129 74 255 36 6 78 
129 70 118 77 123 73 255 34 5 85 
120 67 108 74 113 70 255 38 6 93 
107 62 94 68 100 65 255 38 7 87 
92 62 80 69 85 65 255 39 6 93 
79 54 67 62 72 58 255 37 5 93 
74 59 62 66 67 62 255 40 5 93 
72 61 60 68 65 64 255 38 7 92 
73 62 60 70 66 66 255 41 7 100 
74 67 61 74 67 70 255 41 8 93 
82 59 68 66 75 62 255 45 8 103 
96 64 82 71 89 67 255 44 9 107 
106 72 93 79 99 75 255 43 9 102 
116 74 102 81 108 77 255 40 6 107 
132 76 118 84 125 79 255 45 7 106 
147 78 134 86 140 82 255 42 7 101 
148 76 135 83 141 79 255 42 7 102 
145 76 132 84 138 80 255 43 5 103 
145 73 131 81 138 77 255 42 7 113 
145 70 131 78 137 73 255 44 8 107 
144 68 130 76 136 72 255 44 7 110 
143 68 129 75 135 71 255 46 5 109 
142 66 128 73 135 69 255 45 9 110 
143 67 129 74 136 70 255 46 10 110 
144 70 130 77 137 73 255 45 7 107 
145 68 131 76 138 72 255 45 6 109 
145 69 131 76 138 72 255 44 8 110 
145 69 131 76 138 72 255 44 10 110 
145 68 131 75 138 71 255 45 10 107 
145 68 131 76 137 72 255 43 8 116 
144 70 130 77 137 73 255 45 8 111 
140 71 126 78 132 74 255 48 4 109 
132 69 117 76 124 72 255 48 9 113 
121 69 106 77 113 73 255 48 8 119 
108 70 92 78 99 74 255 46 10 129 
96 71 81 79 88 75 255 51 8 126 
84 74 68 82 76 78 255 48 6 130 
70 72 54 80 62 76 255 50 8 123 
52 73 36 81 44 76 255 51 11 122 
37 74 22 83 29 78 255 46 10 129 
29 70 15 78 21 73 255 49 8 121 
24 71 10 79 16 74 255 47 10 120 
36 70 20 78 27 74 255 53 10 136 
62 68 44 76 52 71 255 53 14 148 
87 70 68 79 77 74 255 53 11 165 
105 75 86 84 95 79 255 52 15 152 
126 72 109 81 117 76 255 56 12 150 
144 71 126 79 134 75 255 57 10 148 
159 76 143 84 151 80 255 53 10 135 
161 76 145 85 153 80 255 50 11 135 
159 78 142 86 150 82 255 52 9 140 
150 81 132 90 141 85 255 51 8 158 
134 82 115 91 124 86 255 53 11 161 
116 84 97 94 106 89 255 59 13 176 
103 85 84 94 93 89 255 60 13 171 
94 82 74 92 83 87 255 61 14 190 
80 79 58 90 69 84 255 65 16 206 
52 74 30 86 40 80 255 72 14 224 
37 76 16 88 26 82 255 71 13 228 
24 77 5 89 14 82 255 74 11 213 
20 76 1 88 10 81 255 73 10 214 
23 76 3 88 13 82 255 74 13 217 
30 78 9 90 19 83 255 72 13 234 
42 79 20 93 30 85 255 73 14 245 
59 79 36 91 47 85 255 77 15 232 
83 81 59 93 70 87 255 76 13 253 
102 85 78 96 90 90 255 73 14 244 
117 85 93 99 104 92 255 74 14 286 
131 85 107 96 119 90 255 74 17 246 
144 85 121 97 132 90 255 75 16 249 
154 83 130 96 142 89 255 73 18 280 
161 83 137 96 148 89 255 78 16 277 
161 82 136 97 148 88 255 79 14 303 
152 80 126 95 139 87 255 81 20 333 
130 78 103 93 116 85 255 86 17 344 
127 70 99 87 112 78 255 87 22 382 
116 76 87 92 101 84 255 88 24 377 
108 83 81 98 94 89 255 88 21 349 
106 84 78 100 92 91 255 89 16 357 
101 91 73 106 86 97 255 88 22 353 
95 87 66 103 80 94 255 91 25 376 
94 81 64 99 78 90 255 90 21 430 
91 83 62 100 76 91 255 94 25 415 
89 93 60 108 74 100 255 91 21 392 
84 95 55 112 69 103 255 90 19 392 
81 89 51 106 66 97 255 94 19 429 
67 88 36 105 51 96 255 102 23 482 
65 88 32 108 48 97 255 103 27 540 
72 88 37 110 54 98 255 107 28 630 
