0.793869 ,
0.404271 ,
0.498549 ,
0.258633 ,
0.607006 ,
0.498748 ,
0.410343 ,
0.225520 ,
0.819115 ,
0.579243 ,
1.738482 ,
0.918185 ,
-1.028851 ,
0.190466 ,
0.390442 ,
-0.366410 ,
0.327965 ,
0.231958 ,
0.905846 ,
-0.431308 ,
0.161054 ,
-0.088046 ,
0.567155 ,
0.469521 ,
0.666774 ,
0.475312 ,
-0.810924 ,
-0.324417 ,
-0.176982 ,
0.743169 ,
0.300977 ,
1.123615 ,
-0.007673 ,
0.613027 ,
-1.140815 ,
0.701110 ,
0.199334 ,
0.046211 ,
0.518267 ,
-0.249062 ,
0.418402 ,
-0.081035 ,
-0.573020 ,
0.301835 ,
-0.079051 ,
0.248873 ,
0.202098 ,
-0.243969 ,
