5.353100 ,
0.183475 ,
-2.607845 ,
-1.333239 ,
-6.979636 ,
-0.602096 ,
0.186875 ,
0.118915 ,
1.998783 ,
-1.814968 ,
5.547373 ,
0.106919 ,
-4.782605 ,
0.064561 ,
4.184317 ,
-1.257808 ,
0.699128 ,
1.203946 ,
4.270398 ,
-4.940812 ,
-3.922467 ,
-3.310820 ,
-2.808506 ,
-1.768921 ,
-1.825300 ,
-1.057529 ,
-5.626269 ,
-5.446363 ,
-0.616357 ,
-0.211215 ,
0.598354 ,
1.944418 ,
-0.613488 ,
-3.069811 ,
-3.484009 ,
3.593201 ,
-0.136044 ,
2.509420 ,
-2.060108 ,
-2.419518 ,
-3.596083 ,
-2.107742 ,
-4.764025 ,
0.278169 ,
-5.026670 ,
0.259426 ,
0.895920 ,
-2.281614 ,
