0.440753 ,
0.453569 ,
0.666624 ,
0.532131 ,
-0.054740 ,
0.770734 ,
0.419585 ,
-0.341978 ,
0.789041 ,
0.704730 ,
0.638447 ,
0.610588 ,
-0.045394 ,
0.165851 ,
1.056872 ,
0.292434 ,
0.981450 ,
-0.036774 ,
0.109761 ,
0.469888 ,
0.693791 ,
0.858529 ,
0.291951 ,
0.123760 ,
0.322459 ,
0.749836 ,
0.705808 ,
0.722162 ,
0.258637 ,
-0.202237 ,
0.308995 ,
0.527532 ,
-0.060900 ,
0.776684 ,
0.084293 ,
0.606509 ,
0.076796 ,
0.123828 ,
0.619264 ,
0.301499 ,
0.041968 ,
0.714413 ,
0.445708 ,
0.646632 ,
0.842467 ,
0.365007 ,
0.165851 ,
-0.091279 ,
