94 35 86 40 90 37 255 20 29 49 
96 37 89 42 92 39 203 18 27 47 
96 43 89 48 92 45 255 20 28 47 
95 37 88 43 91 40 255 21 32 53 
95 35 87 40 91 37 227 17 30 52 
93 36 85 41 89 38 255 20 28 49 
91 39 84 44 87 41 255 20 29 47 
95 42 88 47 91 44 237 21 27 48 
106 50 98 55 102 52 242 20 31 53 
119 53 111 59 114 55 255 18 32 54 
124 56 117 61 120 58 241 23 27 47 
116 57 109 62 112 59 217 21 26 48 
101 53 93 59 97 56 252 19 32 50 
81 53 73 58 76 55 252 19 30 52 
58 57 51 62 54 59 142 15 25 47 
46 60 40 65 42 62 253 19 22 41 
33 61 26 66 29 63 248 19 24 42 
18 58 10 62 14 60 251 17 25 42 
6 57 1 62 3 59 228 20 18 30 
10 59 3 64 6 61 168 13 28 47 
30 56 22 60 26 58 250 21 24 42 
56 54 48 59 51 56 238 19 29 52 
77 52 70 57 73 54 170 16 27 48 
91 54 83 59 87 56 180 15 31 52 
103 53 95 58 98 55 252 18 29 48 
114 50 107 55 110 52 210 19 25 47 
127 49 120 54 123 51 255 18 27 47 
124 47 117 52 120 49 196 17 27 47 
115 50 107 55 111 52 222 19 29 52 
92 53 83 59 87 55 255 18 38 63 
78 58 71 63 74 60 255 21 27 47 
93 61 85 66 89 63 254 21 29 52 
103 63 95 68 99 65 252 20 28 52 
106 66 98 72 101 69 255 19 29 49 
108 66 101 72 104 68 252 19 30 49 
107 64 100 70 103 67 255 18 30 48 
105 66 98 71 101 68 255 19 27 46 
103 63 96 68 99 65 255 20 25 43 
101 60 94 65 97 62 255 17 29 46 
94 64 87 69 90 66 240 16 27 46 
89 66 83 71 86 68 141 14 24 42 
92 61 86 66 89 63 224 17 24 42 
99 60 92 65 95 62 201 14 25 43 
107 57 100 62 103 59 169 14 29 43 
110 60 104 65 107 62 154 15 24 42 
111 61 104 66 107 63 146 13 26 44 
106 56 99 62 102 59 218 15 31 49 
91 61 83 66 86 63 255 21 28 46 
68 62 60 67 63 64 164 14 31 53 
38 62 30 67 34 64 215 15 31 51 
21 60 15 65 18 62 209 12 24 40 
33 59 26 64 29 61 103 11 28 48 
64 60 55 65 59 62 105 12 34 58 
94 55 85 60 89 57 216 16 33 54 
116 49 109 55 112 52 240 17 28 47 
131 46 124 51 127 48 122 13 27 47 
141 45 134 50 137 47 232 15 28 46 
145 42 139 47 142 44 246 15 24 40 
147 43 140 48 143 45 130 11 27 40 
154 44 147 49 150 46 240 14 26 45 
158 44 152 49 155 46 136 12 25 42 
154 44 147 49 150 46 249 16 26 45 
132 47 123 52 127 49 191 15 32 53 
93 52 83 56 88 54 217 20 32 55 
59 58 50 63 54 60 215 16 34 56 
35 59 29 64 32 61 145 13 24 42 
33 58 26 63 29 60 167 12 28 46 
49 57 41 61 45 59 255 21 26 45 
68 53 61 58 64 55 185 16 27 47 
85 51 78 56 81 53 133 15 27 48 
101 51 94 57 97 54 255 17 34 50 
110 50 103 55 106 52 212 17 25 47 
119 49 112 54 115 51 219 17 28 47 
123 46 116 51 119 48 225 17 27 47 
125 47 118 52 121 49 221 18 26 47 
126 48 119 53 122 50 212 16 27 47 
128 47 121 52 124 49 230 18 28 47 
130 48 123 53 126 50 234 17 27 47 
132 49 125 55 128 51 255 17 31 51 
136 50 128 55 132 52 255 17 30 50 
141 50 134 55 137 52 224 17 27 47 
145 51 137 56 141 53 255 17 29 51 
151 51 143 57 147 54 255 17 35 52 
159 51 152 56 155 53 250 17 27 46 
163 51 156 56 159 53 254 17 26 46 
162 51 155 56 158 53 255 18 26 47 
153 51 145 57 149 54 255 20 35 55 
129 53 120 58 124 55 255 22 31 56 
97 52 87 57 91 54 200 19 35 63 
69 53 60 58 64 55 169 18 33 58 
46 56 38 61 42 58 189 17 28 52 
33 58 26 63 29 60 177 16 25 44 
37 61 30 66 33 63 169 16 27 47 
57 59 48 64 52 61 252 22 32 55 
92 54 83 59 87 56 171 19 30 56 
122 53 114 58 118 55 207 20 29 54 
144 51 135 57 139 54 255 19 39 63 
153 52 145 58 149 55 255 18 37 55 
138 54 130 59 134 56 168 19 28 54 
114 57 104 62 108 59 255 24 32 57 
91 56 82 61 86 58 255 22 30 57 
70 56 61 61 65 58 161 18 34 58 
52 60 45 65 48 62 253 22 25 47 
41 58 34 63 37 60 238 19 25 46 
32 61 25 67 28 63 255 17 29 49 
29 64 22 69 25 66 233 17 28 47 
24 61 17 66 20 63 171 15 29 47 
24 57 17 62 20 59 186 16 27 47 
32 51 25 57 28 54 250 17 33 53 
50 46 41 51 45 48 255 20 32 53 
70 43 62 49 66 45 255 22 30 53 
90 36 82 41 86 38 225 19 29 53 
97 35 90 40 93 37 194 20 26 48 
100 34 92 40 95 37 255 19 33 54 
100 35 93 40 96 37 245 20 26 47 
101 38 94 43 97 40 255 20 28 47 
99 40 91 46 94 43 255 17 37 58 
97 44 90 49 93 46 202 17 28 48 
94 45 87 50 90 47 250 19 25 47 
90 46 83 51 86 48 255 19 28 46 
82 45 75 50 78 47 242 18 27 47 
70 43 63 48 66 45 196 17 27 47 
51 41 43 46 47 43 153 15 27 50 
38 44 32 49 35 46 255 17 24 40 
38 46 31 51 34 48 255 15 28 45 
47 45 40 50 43 47 147 15 27 47 
66 46 58 51 62 48 126 15 31 53 
93 45 84 50 88 47 146 17 30 54 
115 44 107 49 110 46 255 20 30 53 
124 44 117 49 120 46 186 20 27 48 
128 49 120 54 124 51 255 20 28 48 
119 48 111 53 114 50 242 21 30 53 
100 47 90 53 94 49 255 21 39 67 
66 46 56 52 61 49 255 25 37 63 
45 49 38 55 41 51 255 23 27 48 
39 53 32 58 35 55 255 23 26 47 
43 55 35 61 38 58 255 20 34 57 
52 55 43 61 47 58 255 20 37 60 
66 51 57 57 61 53 255 23 36 65 
80 48 71 53 75 50 255 29 29 55 
87 50 78 56 82 52 255 24 35 64 
92 52 84 58 88 54 253 28 35 61 
97 55 88 60 92 57 255 29 33 60 
98 54 88 60 93 57 255 26 38 71 
95 51 86 58 90 54 255 26 42 71 
94 54 84 61 89 57 255 30 44 77 
101 56 91 63 96 59 255 31 39 71 
107 53 96 59 101 55 255 36 40 77 
114 49 103 56 108 52 255 36 44 84 
119 46 107 53 113 49 255 36 46 88 
120 48 107 55 113 51 255 37 46 90 
121 51 108 58 114 54 255 40 50 100 
140 53 127 60 133 56 255 39 51 99 
142 52 129 59 135 55 255 40 45 96 
134 53 121 60 127 56 255 43 48 102 
128 55 114 62 121 58 255 43 44 102 
121 57 107 65 114 60 255 45 56 110 
110 59 95 66 102 62 255 45 55 116 
89 59 74 66 81 62 255 46 53 117 
69 60 54 67 61 63 255 46 55 116 
57 61 42 69 49 64 255 45 51 113 
57 60 43 67 49 63 255 47 48 111 
75 59 59 66 66 62 255 51 50 120 
101 57 84 65 92 61 255 48 65 140 
127 54 111 61 119 57 255 49 55 125 
142 52 126 60 134 56 255 47 61 131 
151 51 136 59 143 55 255 47 58 127 
158 53 143 61 150 57 255 48 53 120 
158 53 144 61 151 57 255 49 51 118 
146 54 131 63 138 58 255 50 55 122 
123 49 106 57 114 53 255 49 57 134 
97 51 81 59 88 54 255 50 60 130 
85 56 70 64 77 60 255 49 59 125 
81 59 66 67 73 63 255 44 58 116 
75 58 61 65 68 61 255 46 49 109 
74 56 60 63 67 59 255 45 48 105 
87 56 73 64 79 59 255 41 55 106 
98 53 85 61 91 57 255 41 47 96 
110 51 97 58 103 54 255 37 45 93 
119 50 107 57 113 53 255 36 50 87 
123 50 111 57 116 53 255 37 47 91 
126 53 114 60 120 56 255 38 47 91 
124 52 112 59 117 55 255 38 45 91 
129 52 116 59 122 55 255 39 49 100 
133 54 120 60 126 57 255 43 44 88 
130 56 117 63 123 59 255 44 47 101 
116 55 101 62 108 58 255 47 50 112 
94 57 78 65 85 61 255 47 66 129 
83 61 68 68 75 64 255 47 51 114 
79 62 64 69 71 65 255 44 51 113 
77 58 62 65 69 61 255 44 48 106 
78 56 65 64 71 59 255 40 52 103 
77 54 64 61 70 57 255 40 48 92 
73 55 61 62 66 58 255 37 46 90 
69 55 58 61 63 58 255 34 36 78 
66 58 55 64 60 60 255 34 38 78 
63 55 53 62 58 58 255 35 39 74 
69 57 59 63 63 60 255 31 39 72 
69 54 59 61 64 57 255 32 40 72 
70 48 61 54 65 51 255 31 32 66 
74 53 65 59 69 55 255 33 36 66 
75 53 66 60 70 56 255 31 34 62 
79 54 70 60 74 56 255 27 35 65 
88 50 79 56 83 53 255 31 32 67 
103 47 95 53 99 50 255 28 33 59 
115 46 106 51 110 48 253 30 32 60 
123 48 115 54 119 51 255 26 31 60 
122 51 113 57 117 53 255 25 33 62 
119 51 111 57 115 54 255 24 32 58 
110 49 101 55 105 52 255 23 34 63 
91 49 81 55 85 52 255 24 40 69 
67 52 59 57 63 54 255 26 28 54 
62 54 55 60 58 57 255 30 25 49 
70 57 62 62 66 59 209 23 28 53 
79 58 71 64 74 61 255 21 31 56 
85 63 77 69 81 66 255 22 34 59 
86 68 79 73 82 70 255 23 27 48 
86 67 79 72 82 69 241 23 26 48 
78 62 71 67 74 64 255 22 25 47 
72 54 65 59 68 56 196 23 25 47 
72 50 65 55 68 52 169 18 26 46 
73 47 66 52 69 49 212 19 25 47 
65 46 57 51 61 48 168 16 31 52 
52 51 44 57 48 53 247 17 33 55 
32 55 25 60 28 57 150 16 25 47 
23 57 17 62 20 59 215 17 23 42 
23 54 17 59 20 56 176 16 25 42 
24 51 18 56 21 53 247 20 23 42 
20 51 13 56 16 53 244 16 29 47 
22 53 15 58 18 55 255 17 27 46 
30 53 23 59 26 55 255 16 30 48 
41 53 34 59 37 55 255 20 27 47 
56 50 48 56 51 53 255 20 32 53 
69 49 61 54 65 51 255 20 32 52 
76 52 68 57 72 54 234 20 31 52 
75 45 68 51 71 47 255 26 28 50 
77 45 69 50 72 47 255 23 28 50 
81 44 73 49 77 46 255 23 29 52 
84 47 76 53 79 50 255 22 30 54 
88 54 80 60 84 57 255 22 34 57 
99 51 91 57 94 54 255 24 32 59 
110 51 101 57 105 53 255 24 37 64 
120 45 111 51 115 48 255 30 34 64 
123 45 115 52 118 48 255 32 35 67 
121 49 112 54 116 51 255 32 30 59 
105 44 95 50 100 47 255 29 37 72 
86 46 76 52 81 48 255 30 35 60 
72 47 62 53 66 49 255 31 38 70 
64 48 53 54 58 50 255 30 39 74 
49 49 39 55 43 51 255 34 37 72 
33 53 23 59 27 56 255 28 37 72 
32 53 22 60 26 56 255 30 44 77 
39 55 28 61 33 57 255 33 37 74 
48 54 37 60 42 57 255 34 37 78 
67 52 55 58 61 55 255 34 40 83 
84 54 72 60 78 57 255 37 40 85 
96 53 84 60 90 56 255 36 49 92 
104 51 92 58 98 54 255 37 48 93 
110 52 97 59 103 55 255 37 51 98 
118 49 105 56 111 52 255 40 51 102 
127 48 113 55 120 51 255 40 55 108 
134 48 119 56 126 51 255 41 55 110 
135 51 121 58 128 54 255 45 50 111 
132 52 117 59 124 55 255 49 48 115 
116 55 99 63 107 59 255 50 60 130 
97 57 80 65 88 60 255 50 69 141 
80 55 63 64 71 59 255 51 70 145 
68 56 52 64 60 59 255 50 58 133 
64 56 48 64 55 60 255 47 62 130 
63 54 48 62 55 58 255 46 58 123 
58 52 44 60 50 55 255 44 52 112 
51 52 38 59 44 55 255 42 46 101 
38 56 25 63 31 59 255 41 46 100 
29 59 17 66 23 62 255 37 48 93 
30 66 18 73 23 69 255 40 44 88 
28 71 17 78 22 74 255 38 42 86 
25 72 13 79 19 75 255 36 44 87 
25 73 14 80 19 76 255 35 41 85 
32 72 20 78 26 75 255 37 43 85 
49 71 36 78 42 74 255 38 53 97 
74 69 61 76 67 72 255 38 45 91 
98 58 85 65 91 61 255 37 43 89 
111 51 100 58 105 54 255 34 46 86 
122 52 111 59 116 55 255 36 40 78 
116 52 105 59 110 55 255 34 43 84 
105 49 93 55 99 52 255 32 41 83 
100 47 89 53 94 50 255 31 40 79 
107 43 96 50 101 46 255 35 44 84 
120 43 109 49 114 45 255 34 40 78 
125 41 115 47 120 44 255 31 37 73 
126 42 115 48 120 45 255 28 39 78 
118 44 108 50 113 47 255 31 37 73 
104 42 94 49 98 45 255 32 38 75 
91 41 81 47 86 43 255 31 38 72 
84 42 74 48 78 45 255 26 36 70 
76 44 67 50 71 46 255 31 37 65 
74 43 65 50 69 46 255 29 34 64 
80 50 71 56 75 53 255 27 35 66 
84 52 75 58 79 54 255 25 36 65 
86 53 77 59 81 56 255 23 38 64 
91 53 82 59 86 55 244 25 38 63 
99 49 91 54 95 51 255 26 29 54 
104 49 96 54 100 51 245 25 31 54 
108 50 100 56 104 53 255 22 32 59 
108 52 100 57 103 54 255 22 30 53 
105 53 98 58 101 55 255 24 26 48 
104 52 97 57 100 54 251 24 25 48 
103 52 95 58 99 55 255 21 32 53 
101 52 93 58 97 54 255 20 33 57 
104 51 96 57 99 54 255 20 33 53 
101 50 93 56 96 52 255 20 31 54 
93 50 85 56 89 53 255 20 33 56 
86 50 79 55 82 52 187 19 26 48 
80 48 73 53 76 50 180 18 27 47 
79 50 72 55 75 52 250 19 28 47 
85 52 78 57 81 54 225 19 26 47 
92 55 85 60 88 57 255 19 25 46 
99 51 93 56 96 53 214 18 24 42 
100 51 93 56 96 53 204 19 24 43 
94 49 88 54 91 51 191 16 24 42 
86 57 79 62 82 59 223 18 25 46 
77 61 70 66 73 63 255 18 27 45 
71 60 65 65 68 62 188 14 25 42 
69 59 62 64 65 61 220 15 28 45 
53 57 46 62 49 59 136 13 26 47 
37 57 31 62 34 59 184 13 24 42 
36 56 30 61 32 58 121 11 26 41 
52 55 45 60 48 57 193 15 26 47 
71 53 64 58 67 55 113 13 24 43 
89 52 81 57 85 54 246 16 32 50 
102 51 96 56 99 53 183 14 23 41 
111 50 105 55 108 52 252 17 24 40 
118 50 111 55 114 52 255 15 29 46 
125 48 118 53 121 50 135 14 24 43 
137 48 130 53 133 50 255 17 26 42 
137 49 131 54 134 51 255 17 25 40 
135 49 129 54 132 51 225 16 24 42 
126 49 118 54 122 51 201 14 31 52 
101 51 93 56 96 53 152 16 28 53 
70 53 62 58 66 55 196 17 32 51 
48 57 41 62 44 59 255 17 30 46 
45 57 38 62 41 59 255 16 24 41 
45 58 38 63 41 60 255 15 32 46 
47 56 41 61 44 58 251 18 24 40 
66 55 58 59 62 57 255 23 24 45 
92 52 84 57 87 54 201 18 29 53 
102 53 95 59 98 56 254 16 29 48 
102 52 95 57 98 54 201 16 27 46 
108 52 101 58 104 55 255 17 34 52 
113 52 107 57 110 54 240 20 23 42 
117 48 110 53 113 50 255 19 26 44 
120 48 113 54 116 50 255 18 31 51 
123 50 116 55 119 52 255 20 26 46 
124 50 117 55 120 52 211 19 27 48 
125 50 118 55 121 52 213 24 27 47 
130 53 123 58 126 55 211 25 25 48 
131 50 124 56 127 53 255 21 31 52 
133 50 125 55 129 52 255 21 31 52 
127 48 119 54 123 50 238 21 31 57 
114 47 106 53 109 49 254 25 30 55 
102 43 94 48 97 45 220 26 26 50 
93 47 84 53 88 49 255 26 39 65 
86 49 77 55 81 52 255 24 33 61 
81 49 72 55 76 52 255 23 36 63 
78 53 69 59 73 55 255 24 36 64 
83 56 74 62 78 58 249 27 36 64 
96 57 86 63 91 59 255 26 35 67 
101 54 92 61 96 57 255 28 42 70 
102 53 91 59 96 56 255 28 35 69 
111 54 101 60 106 56 255 32 34 72 
125 56 114 62 119 59 255 29 39 76 
131 55 121 61 126 57 255 35 38 71 
136 54 126 60 130 57 255 31 37 73 
140 54 129 60 134 57 255 31 39 78 
145 54 134 60 139 56 255 33 42 79 
145 55 134 61 139 58 255 33 38 79 
143 52 132 59 137 55 255 36 46 85 
144 52 132 58 138 55 255 35 41 86 
156 54 144 60 150 57 255 36 39 82 
162 54 151 60 156 56 255 37 38 79 
163 53 151 59 156 55 255 35 41 81 
158 54 146 60 151 57 255 37 39 82 
146 54 134 61 139 57 255 39 47 93 
130 54 117 61 123 57 255 40 48 95 
114 52 101 59 107 55 255 40 51 100 
101 53 88 60 94 56 255 42 49 95 
92 53 78 61 84 56 255 42 53 107 
82 56 68 63 74 59 255 46 48 109 
71 58 57 66 63 61 255 44 51 110 
63 59 49 66 56 62 255 46 46 106 
65 58 51 66 57 61 255 46 55 117 
67 55 52 63 59 59 255 47 52 118 
71 56 55 64 62 60 255 49 63 133 
80 57 63 66 71 61 255 51 67 143 
101 52 82 60 91 56 255 58 66 156 
119 51 100 60 109 55 255 53 74 163 
130 55 112 65 121 60 255 58 68 162 
141 56 122 66 131 61 255 56 79 177 
145 58 126 68 135 63 255 59 78 186 
146 60 127 70 136 65 255 63 78 191 
138 57 117 69 127 63 255 64 93 221 
123 56 101 70 112 63 255 68 108 253 
111 60 88 75 99 67 255 74 109 270 
110 65 85 79 97 71 255 80 121 308 
118 69 91 84 104 76 255 86 125 349 
120 69 91 85 105 77 255 92 139 400 
118 72 89 89 103 80 255 95 136 423 
118 71 88 87 103 78 255 94 138 408 
115 71 87 87 101 78 255 88 135 380 
112 64 86 81 98 71 255 82 128 339 
111 61 87 77 99 68 255 74 114 287 
111 54 90 67 100 60 255 70 100 237 
109 58 89 68 99 63 255 62 89 195 
97 56 79 67 87 61 255 58 76 169 
86 59 69 68 77 63 255 51 74 152 
77 60 60 68 68 63 255 49 65 139 
68 60 53 67 60 63 255 48 51 117 
69 60 55 68 61 63 255 45 58 115 
72 56 58 64 64 60 255 48 57 119 
78 59 65 67 71 63 255 46 50 99 
82 61 69 68 75 64 255 39 51 100 
87 60 74 67 80 63 255 37 52 98 
82 60 70 67 76 63 255 35 49 92 
79 59 67 66 73 62 255 37 46 88 
82 56 70 62 75 59 255 36 40 77 
87 58 75 64 80 60 255 33 43 83 
90 58 80 65 85 61 255 33 42 78 
97 61 87 67 91 63 255 37 35 72 
105 59 95 65 99 61 255 32 34 72 
109 57 99 63 104 60 255 28 39 72 
109 57 100 63 104 59 255 34 36 66 
109 56 100 62 104 59 255 28 33 65 
109 55 100 61 104 58 255 30 34 66 
111 57 102 63 106 60 255 28 37 66 
116 54 106 60 110 56 255 25 37 70 
116 53 108 59 112 56 255 30 29 56 
115 52 106 58 110 55 255 24 37 64 
117 51 109 57 113 54 255 25 32 59 
121 52 112 57 116 54 255 27 28 53 
127 50 118 56 122 53 255 21 39 64 
129 50 121 55 125 52 255 25 29 54 
128 50 119 56 123 53 255 23 38 61 
129 52 120 57 124 54 255 27 30 53 
131 52 122 58 126 54 255 23 34 64 
138 52 129 58 133 55 255 26 33 61 
144 51 135 57 139 53 255 26 37 63 
147 49 138 55 142 51 255 24 35 65 
149 49 140 55 144 51 255 28 36 63 
144 48 135 54 139 50 255 28 33 65 
136 47 126 53 131 50 255 27 38 67 
125 45 115 51 120 48 255 29 35 71 
116 44 106 51 111 47 255 31 40 72 
110 47 100 53 105 50 255 31 36 73 
101 50 91 57 96 53 255 32 45 79 
88 50 76 57 82 53 255 32 41 81 
79 50 68 57 73 53 255 36 44 79 
68 54 57 60 62 56 255 37 39 79 
52 54 40 61 45 57 255 31 43 85 
36 54 26 60 30 57 255 34 34 73 
23 55 13 61 17 57 255 35 37 72 
17 55 8 62 12 58 255 32 37 72 
24 57 14 63 19 59 255 36 33 68 
36 55 26 61 30 57 255 34 37 74 
53 52 42 59 47 55 255 36 42 81 
67 42 56 48 61 45 255 39 42 80 
79 38 69 44 73 41 255 33 35 73 
82 37 72 43 76 40 255 31 35 73 
81 36 70 43 75 39 255 33 45 79 
83 36 72 43 77 39 255 31 45 81 
81 36 70 44 75 39 255 33 43 82 
82 37 70 43 76 40 255 33 42 81 
86 37 74 43 79 40 255 34 44 86 
91 37 79 44 85 40 255 36 48 93 
96 37 83 44 89 40 255 39 48 94 
91 38 78 45 84 41 255 43 45 101 
80 39 66 46 72 42 255 44 50 105 
78 41 63 48 70 44 255 46 51 112 
83 40 67 48 74 44 255 45 63 130 
93 38 76 47 84 43 255 51 64 143 
106 40 89 48 97 44 255 58 58 147 
124 42 106 51 115 46 255 53 72 159 
127 43 110 52 118 48 255 58 60 146 
129 47 112 56 120 51 255 50 72 145 
130 45 113 53 121 49 255 52 59 132 
129 47 113 55 121 51 255 48 62 131 
128 49 113 57 120 53 255 46 55 116 
125 47 111 54 118 50 255 44 50 108 
125 46 111 53 117 49 255 40 51 106 
126 50 113 56 120 53 255 41 42 85 
134 50 122 57 127 53 255 37 48 93 
136 49 124 55 130 52 255 35 43 87 
134 54 123 60 128 57 255 33 38 74 
129 57 118 63 123 59 255 32 36 77 
125 60 115 67 120 63 255 31 44 77 
124 62 114 68 119 65 255 32 38 74 
127 62 118 68 122 65 255 27 32 65 
132 64 122 70 126 66 255 27 37 68 
130 65 121 71 125 67 253 28 37 65 
126 64 117 70 121 66 255 24 33 64 
119 60 111 66 115 63 255 27 31 60 
106 54 98 60 102 56 254 24 32 59 
89 50 80 56 84 52 255 22 35 64 
70 50 61 55 65 52 246 22 29 54 
55 54 47 59 50 56 186 21 29 53 
47 54 39 60 43 56 255 19 32 52 
58 53 50 58 54 55 207 25 26 52 
82 47 73 53 77 50 255 21 36 64 
105 46 97 51 101 48 250 23 28 53 
121 44 113 49 117 46 255 21 31 52 
131 44 123 49 127 46 254 20 31 52 
137 48 129 54 132 51 255 18 34 53 
139 48 132 54 135 51 255 18 32 52 
136 47 128 52 132 49 221 17 31 52 
128 47 121 53 124 50 255 20 26 47 
125 47 118 52 121 49 157 17 27 47 
118 49 111 55 114 52 255 17 32 51 
117 46 110 51 113 48 251 18 25 46 
122 44 115 49 118 46 220 17 28 47 
134 45 127 50 130 47 255 20 26 46 
143 44 136 49 139 46 252 18 28 45 
150 44 144 49 146 46 250 17 23 41 
149 47 142 52 145 49 253 17 26 46 
136 46 129 51 132 48 143 15 26 47 
116 43 107 48 111 45 155 16 30 54 
90 41 82 46 86 43 204 18 29 51 
66 44 57 48 61 46 251 20 29 50 
46 44 39 49 42 46 205 15 27 46 
39 48 32 52 35 50 246 16 24 37 
40 47 34 52 37 49 231 14 26 41 
33 42 27 47 30 44 200 15 24 42 
31 49 25 54 28 51 222 15 24 40 
38 49 31 54 34 51 152 13 29 46 
47 49 40 54 43 51 248 16 26 46 
50 52 44 57 47 54 253 17 24 42 
54 53 48 58 51 55 145 15 23 42 
61 52 54 57 57 54 232 16 27 47 
70 53 63 58 66 55 255 19 26 47 
75 48 67 54 70 51 255 17 32 51 
74 48 67 54 70 50 255 19 28 48 
70 51 63 57 66 53 235 19 28 48 
71 49 63 54 67 51 255 19 29 51 
70 48 63 54 66 50 255 21 30 53 
67 53 60 59 63 55 255 20 32 53 
71 52 64 57 67 54 245 23 25 47 
66 53 59 58 62 55 218 22 26 48 
61 49 53 55 57 51 255 21 34 57 
56 48 48 54 51 50 255 21 33 55 
51 50 43 55 47 52 255 23 29 52 
51 47 43 53 46 49 255 21 35 58 
55 53 47 59 50 56 255 21 31 58 
58 54 50 59 54 56 255 27 29 53 
56 49 48 55 51 52 255 29 30 61 
52 47 43 53 47 49 255 28 35 64 
50 47 41 52 45 49 255 32 30 58 
52 47 43 53 47 49 255 34 31 61 
64 48 54 54 58 51 255 31 37 71 
86 48 74 54 79 51 255 33 42 83 
114 46 102 52 108 49 255 37 43 83 
136 53 125 59 130 56 255 36 38 79 
145 57 135 64 140 60 255 34 41 78 
147 56 136 63 141 59 255 33 45 82 
136 55 124 61 130 58 255 36 40 85 
115 50 102 57 108 53 255 40 52 95 
92 47 78 54 85 50 255 37 52 104 
77 48 64 55 70 51 255 38 41 88 
74 50 62 57 68 53 255 41 45 94 
78 52 65 60 71 55 255 40 51 97 
86 51 72 59 78 55 255 41 58 110 
92 50 77 57 84 53 255 47 50 115 
97 52 82 60 89 56 255 50 58 128 
106 52 89 60 97 55 255 50 64 140 
118 48 101 57 109 52 255 50 69 151 
121 51 104 60 112 55 255 54 71 155 
122 50 104 60 112 54 255 57 70 164 
125 51 106 61 115 56 255 61 71 174 
122 52 102 63 112 57 255 64 71 187 
120 53 98 65 108 59 255 64 90 216 
116 52 94 65 105 58 255 70 98 236 
115 56 93 68 104 62 255 70 96 241 
115 53 93 67 103 60 255 72 94 245 
115 55 93 67 104 61 255 71 96 236 
118 56 96 68 106 62 255 66 98 229 
122 60 102 71 111 65 255 62 91 210 
130 55 111 65 120 60 255 63 77 188 
131 54 113 63 122 58 255 58 64 157 
124 53 107 62 115 57 255 53 66 144 
118 51 102 59 110 55 255 49 58 131 
115 53 100 61 107 57 255 46 61 126 
115 48 101 56 108 51 255 45 55 117 
112 51 98 58 105 54 255 40 51 106 
113 52 101 58 107 54 255 42 39 82 
118 58 106 65 111 61 255 40 43 88 
121 64 110 71 115 67 255 34 45 86 
122 68 110 74 115 70 255 36 40 79 
120 67 109 73 114 70 255 32 38 78 
115 67 104 73 109 69 255 30 38 74 
105 62 95 68 99 65 255 33 34 72 
94 59 83 65 88 62 255 29 37 70 
82 56 72 62 77 58 255 32 38 69 
70 51 61 57 65 53 255 26 33 65 
80 50 70 56 75 53 255 27 38 67 
103 53 92 59 97 55 255 22 39 65 
124 53 114 58 119 55 255 26 33 64 
139 54 130 60 134 57 255 23 35 64 
149 57 141 62 144 59 207 26 29 53 
151 56 142 62 146 59 255 20 38 63 
144 55 135 61 139 58 255 22 37 60 
132 56 123 61 127 58 230 23 31 58 
118 54 109 59 113 56 238 22 31 58 
107 53 98 59 102 56 255 20 38 62 
91 53 83 58 86 55 255 25 28 53 
74 54 66 60 69 56 255 22 32 54 
58 54 49 59 53 56 169 19 31 55 
45 55 37 60 40 57 218 17 32 53 
33 57 26 62 29 59 163 16 27 47 
29 56 22 61 25 58 196 16 27 47 
30 55 24 60 26 57 255 20 23 41 
30 55 23 60 26 57 255 18 27 47 
32 54 25 60 28 57 255 19 28 46 
33 55 26 60 29 57 169 18 26 47 
30 57 23 62 26 59 249 19 25 47 
28 58 21 63 24 60 190 19 27 48 
33 57 25 63 28 60 255 18 33 56 
34 57 27 62 30 59 249 24 25 48 
36 56 28 62 31 59 255 20 33 56 
35 57 28 62 31 59 255 25 25 48 
36 57 28 62 32 59 252 23 29 52 
33 56 25 62 29 58 255 22 34 58 
33 56 24 62 28 59 255 21 37 60 
35 54 27 60 30 57 255 22 31 59 
35 53 27 59 30 56 255 24 30 59 
34 53 25 59 29 55 255 22 36 65 
35 54 26 60 30 57 255 23 37 64 
41 53 32 60 36 56 255 32 35 68 
48 57 39 63 43 59 255 33 33 62 
45 58 35 64 39 60 255 27 39 72 
41 58 31 64 35 60 255 30 37 71 
40 55 30 62 35 58 255 31 42 75 
39 58 28 64 33 60 255 33 38 73 
42 57 31 64 36 60 255 36 40 80 
55 55 43 62 48 58 255 38 41 82 
68 55 56 62 62 58 255 36 53 93 
85 53 72 60 78 56 255 38 53 99 
104 51 91 58 97 54 255 38 52 98 
118 53 106 59 112 56 255 39 41 87 
128 52 115 59 121 55 255 37 47 92 
132 53 120 60 126 56 255 37 43 87 
136 53 124 60 130 56 255 38 46 90 
144 54 132 61 137 57 255 38 46 93 
149 54 137 61 143 57 255 39 41 87 
154 55 142 62 148 58 255 38 42 88 
156 56 143 62 149 59 255 39 42 90 
153 56 140 63 146 59 255 39 49 98 
148 56 135 63 141 59 255 41 48 102 
143 57 130 64 136 60 255 42 45 102 
145 58 131 65 138 61 255 43 49 109 
151 60 137 67 144 63 255 46 50 108 
156 60 142 68 149 63 255 46 50 112 
161 63 146 71 153 67 255 48 54 121 
171 62 156 70 163 66 255 48 54 124 
173 61 158 69 165 65 255 49 58 127 
166 60 150 69 158 64 255 51 67 138 
150 57 132 66 141 61 255 54 72 157 
129 56 111 65 120 60 255 58 66 150 
116 56 99 64 107 60 255 58 59 147 
108 55 91 63 99 58 255 53 64 142 
108 55 92 63 100 59 255 52 59 133 
110 55 95 63 102 59 255 50 57 127 
119 52 104 60 111 55 255 47 53 118 
126 54 112 61 118 57 255 43 50 109 
129 54 116 61 122 57 255 42 48 102 
131 54 118 61 124 57 255 39 47 100 
129 55 117 61 123 58 255 42 39 87 
121 54 108 61 114 57 255 38 49 98 
107 54 94 61 100 57 255 37 52 94 
89 54 77 60 82 56 255 36 42 86 
73 52 61 58 67 55 255 33 40 81 
61 55 50 62 55 58 255 32 47 85 
52 56 41 62 46 59 255 29 41 77 
39 56 29 62 33 59 255 31 35 67 
36 56 27 62 31 58 255 28 35 65 
39 58 30 64 34 60 255 29 36 65 
43 54 34 61 38 57 255 32 38 67 
49 50 40 56 44 53 255 25 37 64 
59 49 50 55 54 52 255 26 33 64 
80 52 70 57 74 54 255 32 34 65 
99 54 90 59 94 56 255 30 32 59 
109 55 100 60 104 57 235 30 33 60 
125 53 116 59 120 56 255 28 35 66 
134 50 125 55 129 52 241 29 31 59 
140 48 132 54 136 51 255 24 32 60 
143 50 135 56 139 53 255 23 35 58 
149 51 141 56 145 53 250 25 30 53 
151 53 144 58 147 55 229 25 25 48 
149 54 141 60 144 56 255 22 35 58 
141 53 133 59 137 55 255 22 32 58 
131 54 123 60 126 56 255 22 33 58 
126 53 118 58 122 55 255 22 30 52 
127 57 119 62 122 59 219 21 31 53 
134 56 126 62 130 58 255 20 34 58 
138 56 131 61 134 58 196 23 26 47 
137 54 129 60 133 56 255 18 35 58 
131 54 123 59 127 56 181 18 28 48 
125 52 117 58 121 55 255 17 36 55 
122 55 115 61 118 57 247 19 27 48 
119 55 112 60 115 57 255 20 28 46 
114 51 107 57 110 54 255 18 32 52 
103 53 96 58 99 55 173 18 25 47 
101 59 94 65 97 61 255 19 29 48 
102 66 95 71 98 68 203 17 28 47 
96 64 89 70 92 66 254 17 32 51 
84 60 76 66 79 62 255 17 31 50 
76 62 70 67 73 64 255 19 24 42 
80 63 73 68 76 65 253 16 28 45 
80 67 73 72 76 69 168 13 30 46 
80 65 73 70 76 67 240 16 30 46 
81 63 74 68 77 65 255 16 27 45 
88 61 82 66 85 63 255 18 24 40 
92 59 86 64 88 61 216 15 24 41 
90 61 83 66 86 63 249 15 29 46 
87 51 81 56 84 53 225 15 24 42 
88 52 82 57 85 54 255 17 24 40 
87 49 81 54 84 51 214 15 24 42 
87 50 80 55 83 52 255 17 26 43 
86 50 79 55 82 52 255 16 28 45 
84 46 77 51 80 48 255 17 27 46 
82 43 75 49 78 45 252 15 33 51 
81 37 74 42 77 39 202 17 25 45 
78 42 71 47 74 44 255 18 25 46 
74 52 67 58 70 54 225 21 30 52 
68 60 61 66 64 62 221 22 31 53 
67 64 60 69 63 66 255 21 25 43 
67 68 59 74 62 70 255 17 34 56 
70 70 63 75 66 72 255 22 27 48 
75 67 68 72 71 69 246 22 27 48 
86 63 78 69 81 65 255 22 30 55 
96 60 88 65 92 62 212 20 31 54 
110 59 102 64 106 61 255 24 30 53 
119 54 111 60 115 57 255 23 32 59 
124 51 116 57 120 54 255 23 31 59 
129 43 121 49 124 45 255 25 33 60 
129 46 121 52 125 49 255 25 30 59 
126 48 118 53 122 50 255 27 27 53 
114 49 104 55 109 51 255 26 40 69 
98 61 89 67 93 64 255 27 35 65 
85 63 76 70 80 66 255 28 33 61 
79 64 70 70 74 66 255 27 34 61 
69 63 59 69 63 65 255 34 39 72 
53 61 43 67 47 63 255 31 37 70 
42 58 32 64 37 61 255 27 35 69 
34 57 24 64 28 60 255 30 40 71 
25 57 16 63 20 60 255 29 31 66 
23 58 13 64 18 61 255 27 38 71 
32 59 21 65 26 61 255 33 45 78 
57 54 45 61 50 57 255 34 53 89 
80 55 68 61 74 57 255 37 41 85 
100 52 87 59 93 55 255 37 46 91 
112 51 101 57 106 54 255 37 38 81 
124 50 112 57 118 53 255 36 44 90 
132 49 120 56 125 52 255 37 49 93 
133 51 120 58 126 54 255 39 44 94 
128 49 115 56 121 52 255 42 48 101 
120 47 106 54 113 50 255 41 51 107 
116 49 101 57 108 52 255 42 54 116 
109 44 94 52 101 48 255 44 61 124 
101 46 85 55 93 50 255 48 58 129 
95 51 79 61 87 56 255 54 68 146 
83 57 66 66 74 62 255 50 64 141 
66 60 50 68 57 63 255 50 62 135 
55 57 39 66 47 61 255 51 57 128 
49 57 34 65 41 61 255 47 57 125 
50 54 35 62 42 58 255 45 61 126 
48 55 34 62 40 58 255 47 49 110 
45 56 32 64 38 60 255 42 48 103 
49 57 35 64 42 60 255 38 51 102 
51 58 38 65 44 61 255 38 48 97 
52 62 40 69 46 65 255 38 44 90 
55 56 43 63 48 59 255 35 48 88 
59 57 48 64 53 60 255 33 40 80 
62 59 51 66 56 62 255 33 42 78 
67 57 56 63 61 59 255 31 36 73 
76 51 65 58 70 54 255 36 43 87 
85 44 75 50 80 46 255 28 35 67 
90 48 81 54 85 51 255 31 33 67 
101 56 92 62 96 59 255 25 36 66 
91 55 81 61 85 57 255 25 38 70 
70 51 61 57 65 54 255 25 33 65 
56 52 47 58 51 55 255 25 34 65 
53 56 45 62 49 58 255 23 31 57 
50 59 42 64 45 61 255 25 28 50 
57 56 49 62 52 58 255 23 33 58 
66 55 57 60 61 57 255 21 31 55 
67 55 59 61 62 57 255 20 34 58 
66 53 58 59 61 55 255 19 34 56 
70 55 63 60 66 57 203 24 25 48 
76 55 69 60 72 57 255 21 26 48 
83 52 76 57 79 54 253 21 25 47 
93 54 85 59 89 56 255 22 29 51 
106 52 99 57 102 54 225 22 25 47 
116 52 109 57 112 54 255 22 24 46 
118 50 110 56 114 53 255 18 34 57 
115 49 108 54 111 51 202 20 27 48 
117 49 109 54 112 51 243 20 31 51 
124 51 116 56 120 53 179 19 32 52 
123 49 116 54 119 51 255 22 26 48 
121 47 113 53 116 50 255 19 33 57 
119 45 111 51 115 47 255 20 34 58 
118 50 111 55 114 52 255 26 26 48 
114 52 106 58 110 55 255 22 32 59 
107 53 98 59 102 55 255 23 38 64 
95 52 86 58 90 54 255 28 34 64 
86 58 76 64 80 61 255 24 36 66 
80 56 71 62 75 58 255 28 36 65 
73 54 64 60 68 57 255 27 34 65 
62 55 52 61 56 57 255 28 38 66 
49 53 40 59 44 56 255 27 32 64 
39 52 30 58 34 54 255 29 35 64 
35 54 26 60 30 57 255 28 34 63 
32 54 23 60 27 57 255 23 35 64 
31 55 22 61 26 58 255 24 36 60 
37 54 28 60 32 57 255 23 37 64 
43 52 34 58 38 55 255 22 36 64 
44 53 36 59 39 56 255 23 32 59 
49 55 40 61 44 58 255 22 36 65 
58 55 49 61 53 58 255 22 38 64 
68 54 59 60 63 57 255 25 35 64 
78 54 69 60 73 56 251 29 34 62 
89 54 80 60 84 56 255 28 33 65 
97 53 87 59 91 55 255 25 38 70 
97 52 88 59 92 55 255 27 39 67 
98 53 88 59 93 55 255 31 37 66 
99 52 89 58 93 55 255 30 35 69 
99 50 89 57 94 53 255 29 41 75 
99 48 88 54 93 51 255 32 37 75 
98 52 87 58 92 54 255 33 40 79 
97 53 86 59 91 56 255 34 38 80 
104 56 92 62 97 59 255 36 40 85 
108 56 96 63 102 59 255 36 49 93 
111 58 98 64 104 61 255 38 43 92 
110 58 97 65 103 61 255 41 46 98 
106 59 92 66 98 62 255 42 53 107 
98 57 83 65 90 60 255 45 52 117 
86 58 71 66 78 61 255 47 59 123 
74 57 58 66 65 61 255 47 59 131 
67 58 51 66 58 62 255 47 62 132 
60 59 44 67 51 63 255 48 61 133 
58 61 42 69 49 65 255 47 60 131 
56 62 41 70 48 65 255 45 60 124 
56 60 41 68 48 64 255 46 55 123 
59 59 44 66 51 62 255 46 52 115 
66 59 52 66 58 62 255 48 51 109 
71 57 57 65 63 61 255 42 57 106 
69 53 56 60 62 56 255 40 53 101 
68 52 55 59 61 55 255 39 50 99 
64 52 52 59 57 55 255 36 47 91 
62 53 50 59 55 56 255 34 43 84 
58 56 47 62 52 59 255 38 37 75 
59 54 49 60 53 56 255 36 35 74 
65 55 54 61 59 57 255 35 40 77 
65 53 55 59 60 55 255 35 39 73 
64 55 53 61 58 58 255 29 38 77 
63 53 53 60 57 56 255 30 44 74 
61 56 52 62 56 59 255 27 34 66 
67 58 58 64 62 61 255 30 32 66 
73 56 63 62 67 59 255 26 39 71 
79 58 69 64 74 60 255 27 39 70 
70 58 61 64 65 60 255 29 34 62 
57 57 48 63 52 60 255 25 36 64 
45 56 36 62 40 58 255 22 39 65 
34 56 26 62 29 58 255 22 35 59 
33 56 25 62 28 58 255 22 33 58 
39 56 30 61 34 58 232 23 33 58 
49 54 41 59 44 56 255 26 29 53 
61 51 52 57 56 54 255 23 34 59 
72 52 64 57 68 54 255 26 29 54 
80 53 72 58 76 55 255 26 28 52 
93 52 85 57 88 54 255 26 29 53 
103 48 94 54 98 50 255 23 35 64 
111 49 103 54 106 51 245 28 28 53 
114 53 105 59 109 55 255 22 37 64 
107 55 98 61 102 57 255 24 38 65 
93 62 84 68 88 64 255 25 33 64 
82 65 74 70 78 67 255 26 31 54 
84 67 75 73 79 69 255 23 35 64 
88 66 79 72 83 69 255 22 38 66 
91 63 82 69 86 65 255 23 33 60 
100 63 92 69 96 66 255 23 32 59 
104 64 96 70 99 67 255 22 33 58 
106 63 98 68 101 65 255 25 28 53 
107 62 99 68 103 64 204 21 33 57 
106 56 99 62 102 58 255 27 28 54 
109 55 101 61 104 57 255 22 32 56 
113 57 106 63 109 59 255 21 30 53 
114 51 107 57 110 54 255 23 27 49 
114 54 106 60 110 56 255 20 34 57 
113 50 106 56 109 52 255 20 31 52 
114 48 107 54 110 51 255 18 30 52 
120 49 113 54 116 51 194 17 27 48 
124 51 117 57 120 54 229 18 32 54 
121 56 114 62 117 59 255 16 34 50 
108 55 101 60 104 57 255 19 27 46 
97 52 90 57 93 54 223 17 28 47 
86 49 79 55 82 52 254 16 31 50 
93 46 85 51 89 48 214 17 29 51 
108 55 101 60 104 57 183 17 25 47 
122 56 115 61 118 58 254 18 27 45 
126 54 120 60 123 56 255 16 26 42 
126 52 119 57 122 54 200 15 28 46 
122 53 116 58 119 55 246 16 23 41 
118 55 112 60 114 57 247 18 21 36 
112 60 105 65 108 62 241 16 26 43 
106 64 99 69 102 66 233 15 27 42 
98 65 91 70 94 67 234 14 29 46 
93 65 86 70 89 67 233 14 26 42 
95 58 89 64 91 60 231 14 26 43 
92 49 86 54 89 51 184 18 25 41 
92 46 85 50 88 48 242 15 26 40 
92 45 86 50 89 47 199 12 26 41 
93 45 87 50 90 47 254 15 25 40 
99 51 92 55 95 53 248 16 23 40 
112 51 105 56 108 53 219 14 28 46 
122 56 115 60 118 58 242 15 27 40 
124 55 118 60 120 57 128 12 24 40 
121 57 115 62 118 59 173 11 25 42 
116 58 109 62 112 60 245 16 24 37 
111 58 105 63 108 60 216 13 23 41 
102 56 95 61 98 58 127 11 27 43 
94 56 88 61 91 58 211 12 26 40 
93 60 87 65 89 62 203 12 26 41 
91 60 85 65 88 62 241 13 26 40 
83 57 77 62 80 59 140 11 25 41 
73 53 67 58 69 55 108 11 26 41 
68 51 62 56 64 53 236 14 23 36 
65 52 59 57 62 54 114 9 28 42 
57 50 51 55 53 52 108 10 26 41 
59 52 53 57 55 54 156 11 24 41 
76 49 69 53 72 51 205 15 24 40 
90 49 84 54 87 51 205 14 24 41 
102 51 95 56 98 53 123 12 26 43 
115 56 108 62 111 58 211 12 33 51 
124 60 118 65 121 62 203 16 24 42 
135 60 129 65 132 62 119 13 24 42 
151 61 144 65 147 63 245 17 22 37 
160 62 154 67 157 64 250 15 25 40 
168 60 162 65 164 62 221 14 23 37 
166 58 160 62 163 60 255 15 22 35 
161 59 155 64 157 61 134 9 27 41 
147 59 141 64 143 61 162 12 25 40 
129 56 122 61 125 58 160 12 29 46 
106 53 98 58 101 55 103 11 29 49 
84 51 77 56 80 53 99 10 30 46 
73 53 67 58 70 55 128 10 26 42 
67 55 62 60 64 57 142 13 20 36 
66 57 60 62 62 59 174 11 25 41 
76 55 69 60 72 57 128 11 26 46 
88 56 82 61 84 58 170 12 23 41 
94 53 88 58 91 55 254 15 23 40 
97 45 91 50 93 47 159 12 26 41 
101 42 95 47 98 44 228 15 22 40 
111 44 105 49 108 46 199 15 23 41 
124 42 117 47 120 44 115 12 30 48 
138 50 131 56 134 52 167 16 30 50 
142 57 136 62 139 59 246 15 24 40 
146 61 139 66 142 63 181 12 28 46 
146 66 140 71 143 68 252 15 23 41 
144 66 138 71 141 68 251 16 22 37 
141 67 134 72 137 69 251 15 27 42 
132 65 126 70 128 67 213 14 24 41 
114 58 107 64 110 60 198 14 28 48 
94 51 86 56 90 53 218 13 32 51 
76 44 69 49 72 46 200 13 30 47 
68 42 61 47 64 44 228 13 30 45 
69 42 62 46 65 44 245 16 26 40 
85 45 78 50 81 47 145 13 26 46 
114 46 105 51 109 48 146 12 37 57 
139 47 132 52 135 49 111 11 27 47 
150 48 144 53 146 50 193 12 25 41 
150 50 144 55 147 52 255 17 22 37 
135 47 127 52 131 49 128 12 27 48 
108 44 100 49 104 46 206 15 29 51 
82 42 73 46 77 44 225 18 28 50 
55 44 47 49 50 46 176 13 30 51 
37 47 31 52 33 49 189 11 25 41 
45 47 38 52 41 49 133 11 26 44 
69 46 60 51 64 48 136 12 33 53 
97 46 90 51 93 48 120 13 26 48 
121 49 114 53 117 51 231 19 22 40 
137 50 130 55 133 52 124 13 27 44 
142 50 136 55 139 52 251 15 23 40 
143 52 137 57 140 54 175 12 25 41 
145 49 139 54 142 51 238 14 25 40 
134 46 127 51 130 48 210 16 26 42 
112 44 105 48 108 46 235 17 24 40 
99 40 93 45 96 42 142 12 24 42 
92 46 85 51 88 48 228 14 27 43 
87 49 81 54 83 51 250 14 25 41 
82 52 75 56 78 54 255 17 23 40 
75 51 69 56 72 53 234 14 25 41 
109 55 94 63 101 59 255 49 57 118 
111 55 96 63 103 58 255 47 55 120 
111 55 96 63 103 59 255 45 63 123 
107 56 92 63 99 59 255 43 55 116 
94 55 80 63 86 58 255 46 54 114 
83 53 69 60 75 56 255 44 50 108 
75 52 61 59 67 55 255 42 55 109 
67 48 54 55 60 51 255 44 45 103 
72 47 58 54 64 50 255 41 52 108 
85 52 71 59 78 55 255 48 48 110 
98 55 84 63 90 59 255 43 55 113 
107 54 92 62 99 58 255 43 55 113 
100 54 86 62 92 58 255 48 53 115 
100 57 85 66 92 61 255 48 57 126 
104 60 87 68 95 63 255 53 59 132 
111 61 94 70 102 65 255 59 63 148 
124 59 105 69 114 64 255 60 73 176 
135 57 114 69 124 63 255 63 100 223 
143 58 120 70 131 64 255 69 113 263 
145 60 120 75 132 67 255 77 119 308 
145 62 119 79 132 70 255 80 148 379 
145 65 116 83 131 73 255 90 154 447 
149 68 117 88 132 78 255 100 155 522 
157 72 122 94 139 83 255 107 174 630 
162 76 126 100 144 87 255 114 189 743 
161 77 122 104 141 90 255 120 206 871 
159 80 117 111 137 95 255 128 216 1054 
157 84 111 118 134 101 255 133 230 1345 
159 89 108 118 133 104 255 153 176 1326 
158 92 103 118 130 106 255 159 167 1239 
155 95 96 118 126 107 255 157 167 1189 
154 95 92 118 122 108 255 158 169 1213 
154 94 93 118 123 107 255 158 168 1242 
154 89 101 118 128 105 255 156 175 1350 
169 86 123 118 145 102 255 135 213 1262 
186 88 143 118 164 103 255 117 224 1139 
186 90 158 118 172 104 255 133 110 745 
186 91 161 118 174 105 255 133 97 655 
186 89 152 118 169 103 255 122 146 906 
177 85 135 117 155 99 255 119 230 1023 
156 79 111 109 132 94 255 128 214 1078 
136 76 89 110 112 92 255 131 207 1216 
114 79 66 111 90 94 255 134 211 1264 
88 79 41 114 64 95 255 134 193 1280 
72 82 28 114 49 97 255 131 199 1180 
65 84 23 114 43 98 255 130 211 1078 
77 84 32 116 54 99 255 129 204 1112 
101 82 57 111 78 96 255 127 197 996 
114 79 74 104 94 90 255 119 192 817 
125 73 89 95 107 84 255 110 171 633 
137 73 104 90 120 81 255 98 159 511 
146 71 117 89 131 79 255 90 141 412 
151 69 124 86 138 77 255 86 122 357 
156 68 130 84 143 76 255 80 124 332 
159 70 135 84 147 76 255 79 109 304 
166 71 143 86 155 78 255 79 102 291 
167 71 143 86 155 78 255 79 101 286 
167 71 144 85 155 77 255 79 108 290 
156 71 131 84 143 77 255 80 107 305 
126 66 97 82 111 73 255 83 134 361 
88 67 60 82 74 74 255 83 129 351 
55 69 28 84 41 76 255 83 126 345 
30 73 8 88 18 79 255 81 106 300 
31 74 8 88 18 80 255 79 118 307 
47 72 20 87 32 79 255 81 135 351 
87 72 57 87 71 78 255 85 139 383 
128 67 99 84 114 75 255 87 142 383 
147 67 120 84 134 75 255 84 140 386 
155 68 128 84 141 75 255 88 131 378 
157 70 130 86 143 77 255 86 121 356 
156 67 130 83 143 74 255 81 131 352 
153 66 129 80 141 73 255 78 111 308 
147 62 123 76 135 69 255 73 117 290 
143 59 120 72 131 65 255 70 104 253 
139 58 117 70 127 64 255 67 92 225 
132 54 112 64 122 59 255 66 79 197 
129 57 110 67 119 62 255 60 79 179 
127 59 109 68 117 63 255 58 69 161 
125 56 108 65 116 60 255 54 72 152 
127 57 111 65 119 60 255 54 58 135 
124 57 108 65 116 61 255 51 61 133 
118 59 102 67 110 62 255 50 56 124 
113 58 98 66 105 62 255 46 57 119 
111 56 97 64 104 60 255 47 55 114 
108 55 94 62 100 58 255 44 50 102 
108 59 95 66 101 62 255 41 50 94 
111 60 98 66 104 63 255 39 43 90 
111 62 99 69 104 65 255 35 46 89 
110 65 98 72 104 68 255 35 41 83 
105 63 94 70 99 66 255 39 40 84 
102 54 91 61 96 57 255 34 47 85 
98 50 87 56 92 52 255 34 41 77 
97 48 88 55 92 51 255 32 36 70 
97 48 86 54 91 51 255 30 38 73 
95 49 84 55 89 52 255 28 37 73 
93 50 83 56 87 53 255 27 36 71 
93 48 84 55 88 51 255 30 41 69 
93 47 84 53 88 50 255 27 33 64 
81 47 71 53 75 49 255 28 37 67 
65 49 56 55 60 51 255 25 37 66 
61 52 52 58 56 55 255 24 37 65 
55 54 46 60 50 56 254 29 36 64 
57 54 47 60 51 57 255 26 37 71 
70 51 60 57 64 54 255 28 36 72 
81 51 70 57 75 53 255 32 42 77 
91 53 80 59 85 55 255 32 40 77 
103 54 92 61 97 57 255 37 46 85 
123 55 111 61 117 57 255 37 43 85 
134 56 123 63 128 59 255 37 38 81 
139 57 127 63 133 60 255 37 43 85 
140 57 129 63 134 59 255 37 38 79 
139 58 128 64 133 61 255 34 39 79 
136 58 125 64 130 60 255 37 39 78 
129 56 118 62 123 58 255 37 39 77 
123 53 112 59 117 55 255 35 37 77 
116 51 105 57 110 53 255 32 37 72 
111 52 100 58 105 54 255 32 36 73 
103 52 92 58 97 55 255 28 39 77 
97 51 87 57 91 54 255 29 37 72 
95 50 85 56 90 53 255 28 39 73 
93 49 83 55 88 52 255 28 39 72 
91 48 81 54 85 51 255 28 36 71 
85 48 75 54 79 50 255 27 40 72 
81 48 72 54 76 51 255 28 34 66 
75 49 65 55 70 51 255 31 37 67 
70 48 60 54 64 50 255 30 35 66 
65 51 55 57 60 53 255 28 36 70 
61 52 51 58 56 54 255 33 37 69 
58 53 48 59 52 55 255 34 36 71 
57 54 47 61 52 57 255 30 40 76 
57 56 47 63 51 59 255 32 40 78 
52 55 41 61 46 57 255 34 43 78 
52 57 40 63 45 60 255 32 43 84 
49 57 37 64 43 60 255 36 43 84 
45 59 32 66 38 62 255 32 48 95 
49 58 36 65 42 61 255 37 52 98 
56 55 43 62 49 58 255 42 49 101 
54 55 40 62 47 58 255 43 49 106 
50 57 35 64 42 60 255 46 51 112 
51 56 35 64 43 60 255 48 58 126 
52 58 36 67 43 63 255 51 57 138 
60 58 42 67 50 62 255 58 70 160 
73 57 53 67 62 62 255 63 76 188 
85 59 62 70 73 64 255 70 95 236 
93 62 70 77 81 68 255 74 105 272 
105 64 79 80 92 71 255 80 130 340 
120 69 92 85 105 76 255 84 138 376 
137 72 108 90 122 80 255 85 141 404 
149 72 121 88 134 79 255 87 121 376 
154 71 127 86 140 78 255 82 128 353 
147 67 122 82 134 74 255 78 117 318 
136 64 112 78 124 71 255 73 114 279 
125 58 103 70 114 64 255 71 95 241 
116 57 95 68 105 62 255 65 85 206 
110 53 91 64 100 58 255 64 69 178 
108 53 89 63 98 58 255 55 75 170 
108 53 90 62 98 57 255 56 67 150 
105 53 88 61 96 57 255 55 63 142 
104 52 88 60 95 55 255 51 61 135 
104 51 88 59 95 54 255 49 62 134 
104 50 88 58 95 54 255 47 56 125 
103 51 88 59 95 55 255 46 59 123 
102 52 87 59 94 55 255 45 52 115 
100 52 86 59 93 55 255 43 53 110 
101 51 87 58 94 54 255 40 55 107 
100 50 87 57 93 53 255 41 45 101 
103 50 91 57 97 53 255 40 43 91 
105 49 92 56 98 52 255 36 52 98 
105 50 94 56 99 53 255 38 38 82 
89 31 83 36 86 33 201 12 25 40 
89 31 83 36 86 33 201 12 24 40 
89 31 83 36 86 33 202 12 25 40 
89 31 83 36 86 33 202 12 25 40 
89 31 83 36 86 33 202 12 25 40 
89 31 83 36 86 33 215 12 25 40 
81 32 74 37 77 34 143 12 28 46 
52 35 43 40 47 37 126 9 31 54 
31 40 25 45 27 42 186 12 29 41 
28 40 23 45 25 42 150 10 21 36 
29 40 23 45 26 42 116 9 26 41 
29 40 23 45 26 42 135 10 24 39 
29 40 23 45 26 42 109 9 24 41 
29 40 23 45 26 42 108 9 24 41 
29 40 23 45 26 42 103 10 22 37 
29 40 23 45 26 42 104 9 24 41 
29 40 23 45 26 42 187 9 26 41 
29 40 23 45 26 42 112 9 24 41 
29 40 23 45 26 42 147 9 26 41 
33 38 27 43 29 40 230 12 22 36 
49 35 42 40 45 37 191 12 27 46 
75 33 67 37 71 35 215 17 27 45 
97 32 90 36 93 34 215 16 24 40 
110 32 103 37 106 34 149 10 28 46 
120 32 113 37 116 34 186 11 30 45 
128 33 122 38 125 35 111 10 26 42 
132 34 126 38 129 36 255 15 20 35 
133 34 127 39 130 36 238 15 23 36 
131 34 124 39 127 36 176 11 27 42 
123 34 117 39 120 36 237 15 22 37 
113 37 106 42 109 39 151 13 26 46 
96 42 89 46 92 44 236 18 22 40 
78 45 71 50 74 47 124 11 29 46 
64 46 57 51 60 48 225 13 28 45 
58 47 52 52 55 49 224 12 25 40 
62 47 56 52 58 49 193 12 23 41 
72 49 65 54 68 51 164 12 27 45 
89 42 83 48 86 45 196 14 29 47 
103 37 97 42 100 39 131 12 25 42 
117 35 110 40 113 37 145 12 28 46 
129 36 122 40 125 38 255 16 22 37 
135 37 129 42 131 39 197 12 25 41 
134 37 128 42 131 39 177 13 24 41 
129 36 122 41 125 38 247 14 28 46 
118 34 112 39 115 36 247 16 24 40 
106 32 99 37 102 34 150 13 29 47 
91 32 84 37 87 34 161 14 25 43 
77 33 69 37 73 35 255 17 26 45 
64 34 57 39 60 36 202 14 28 46 
59 35 52 40 55 37 255 14 29 45 
65 34 58 39 61 36 255 17 29 45 
78 33 71 37 74 35 254 20 22 40 
94 33 86 37 90 35 255 21 25 45 
111 34 103 39 106 36 255 17 30 48 
121 34 114 39 117 36 255 18 28 46 
129 37 122 42 125 39 132 14 27 47 
132 36 125 41 128 38 255 17 26 47 
128 36 121 41 124 38 237 17 27 47 
121 35 114 40 117 37 255 19 26 46 
110 35 103 40 106 37 234 17 28 47 
100 35 93 40 96 37 227 18 25 46 
89 34 82 39 85 36 144 17 25 47 
75 35 68 40 71 37 187 20 24 47 
61 36 53 41 57 38 204 16 32 52 
54 37 47 42 50 39 226 17 26 46 
63 35 55 40 59 37 144 17 27 53 
92 34 83 38 87 36 255 27 26 50 
113 34 106 39 109 36 179 19 25 48 
126 35 119 40 122 37 220 19 25 47 
136 36 129 41 132 38 179 18 25 47 
135 36 128 41 131 38 249 19 26 47 
125 34 116 40 120 36 255 20 34 56 
99 34 90 39 94 36 231 20 31 57 
84 36 76 41 79 38 154 18 31 53 
70 35 63 40 66 37 178 19 25 48 
58 36 50 42 53 39 255 18 33 52 
48 38 41 43 44 40 249 20 27 47 
43 39 36 44 39 41 244 19 25 47 
43 39 35 44 38 41 252 18 29 51 
39 40 32 45 35 42 244 20 25 47 
36 41 29 46 32 43 249 20 26 46 
34 41 27 46 30 43 237 19 29 47 
34 41 27 46 30 43 240 18 26 47 
38 40 31 45 34 42 255 20 26 47 
47 39 39 44 43 41 255 21 30 52 
58 38 49 43 53 40 255 22 28 52 
77 37 68 43 72 40 255 21 32 54 
94 34 86 39 90 36 255 24 28 50 
96 34 89 39 92 36 255 23 26 48 
95 34 87 39 91 36 255 21 30 52 
103 34 94 39 98 36 161 21 32 58 
123 35 113 41 117 38 255 23 40 64 
146 38 138 44 141 40 255 21 29 54 
161 42 153 47 157 44 234 22 29 52 
172 45 165 51 168 48 255 17 31 53 
172 45 165 51 168 48 255 18 30 52 
163 43 155 48 159 45 216 23 27 52 
146 39 138 44 142 41 255 22 27 48 
125 35 116 41 120 37 255 22 36 63 
98 34 88 40 92 37 255 22 38 66 
80 35 71 40 75 37 255 24 30 55 
69 36 60 41 64 38 255 23 30 57 
55 38 47 43 51 40 255 24 27 52 
48 39 40 44 44 41 228 22 29 53 
51 39 42 44 46 41 255 23 30 57 
67 36 57 41 61 38 236 24 35 63 
84 35 75 40 79 37 255 27 30 56 
103 36 93 41 98 38 255 25 35 64 
119 36 110 42 114 39 255 22 36 60 
140 39 131 45 135 41 255 24 34 63 
158 42 150 47 153 44 253 23 27 51 
165 45 157 50 161 47 254 22 30 53 
167 45 159 50 163 47 255 22 28 52 
160 43 151 49 155 46 255 21 36 63 
139 38 130 44 134 41 255 24 34 65 
115 36 105 42 110 39 255 22 39 65 
93 35 85 40 89 37 252 29 27 54 
87 35 79 41 83 38 255 25 35 60 
85 39 77 45 81 42 255 30 30 56 
83 42 74 48 78 45 255 29 33 67 
85 36 76 42 80 38 255 24 35 65 
84 40 76 45 80 42 255 31 27 54 
77 36 67 42 72 38 255 24 41 71 
69 41 60 47 64 44 255 26 34 66 
60 45 51 50 55 47 255 31 30 59 
59 38 50 44 54 40 255 30 34 64 
64 37 55 43 59 40 255 25 34 65 
83 36 72 41 77 38 255 33 36 69 
104 36 94 42 99 38 255 30 37 72 
126 37 116 43 120 39 255 28 37 73 
140 38 130 44 134 41 255 31 35 66 
145 40 136 46 140 42 255 29 35 65 
143 40 133 46 138 43 255 30 38 71 
126 43 115 49 120 46 255 29 41 78 
110 46 100 52 105 49 255 30 38 73 
92 46 81 52 86 48 255 32 40 77 
77 45 67 52 72 48 255 33 39 72 
67 50 56 56 61 53 255 28 39 77 
55 51 45 57 50 53 255 35 39 70 
46 51 35 57 40 54 255 32 41 75 
33 50 23 57 27 53 255 30 44 77 
36 48 25 55 30 51 255 30 45 83 
54 43 42 49 48 45 255 33 42 81 
77 40 65 46 71 43 255 40 39 85 
97 37 85 43 91 39 255 33 42 85 
116 38 104 45 110 41 255 39 45 84 
135 39 124 45 129 41 255 36 41 81 
147 41 135 47 140 43 255 35 40 81 
160 44 150 51 155 47 255 33 38 78 
160 47 149 53 154 50 255 37 38 79 
140 43 128 49 134 46 255 37 42 85 
117 43 105 49 111 46 255 38 39 82 
98 47 85 54 91 50 255 38 49 97 
86 47 73 54 79 50 255 35 53 98 
78 48 66 55 72 51 255 36 49 93 
82 46 69 53 75 49 255 37 44 93 
94 45 81 52 87 48 255 40 47 100 
107 46 94 53 100 49 255 41 50 101 
122 46 109 53 115 49 255 45 44 91 
136 44 123 51 129 47 255 41 50 100 
148 43 135 50 141 46 255 40 50 101 
151 43 137 50 144 46 255 39 49 103 
148 43 135 50 141 46 255 42 45 96 
141 42 127 49 134 45 255 42 48 107 
128 40 114 47 120 43 255 45 49 108 
115 39 100 46 107 42 255 46 50 116 
106 39 90 46 98 42 255 47 54 120 
95 39 80 47 87 43 255 45 63 126 
83 40 68 47 75 43 255 50 49 117 
73 42 57 50 64 45 255 46 61 128 
63 43 47 51 54 46 255 47 63 131 
59 43 43 51 50 47 255 50 57 133 
62 43 45 52 53 47 255 48 69 146 
70 43 53 51 61 47 255 55 60 144 
93 41 74 50 83 46 255 59 67 161 
121 46 102 55 111 50 255 59 69 170 
142 47 123 56 132 51 255 58 73 172 
151 50 132 60 141 55 255 60 72 174 
161 51 143 62 152 56 255 63 69 174 
164 52 146 62 155 56 255 61 69 175 
107 52 86 63 96 58 255 67 87 199 
105 62 85 72 95 67 255 64 84 198 
104 64 84 74 94 68 255 69 81 195 
105 66 84 77 94 71 255 63 86 208 
105 65 85 76 95 71 255 66 84 200 
105 64 84 75 94 69 255 66 82 201 
105 57 84 69 94 63 255 68 95 225 
103 43 82 57 92 50 255 70 102 247 
96 46 74 58 85 52 255 69 100 239 
84 43 62 56 73 49 255 69 104 248 
70 46 47 59 58 52 255 69 99 249 
60 48 38 61 48 54 255 72 94 243 
61 48 38 60 49 54 255 73 101 255 
59 49 37 61 47 55 255 75 88 246 
60 49 37 61 47 54 255 73 94 254 
60 48 37 61 47 54 255 73 101 260 
59 48 37 61 47 54 255 76 89 245 
67 48 43 61 54 54 255 77 104 270 
93 43 67 59 79 51 255 76 136 321 
117 45 90 60 103 52 255 78 133 342 
139 48 113 63 126 55 255 82 119 316 
154 52 129 67 142 59 255 80 132 341 
157 52 131 68 144 60 255 82 132 352 
146 51 118 68 132 60 255 87 144 392 
132 49 101 67 116 58 255 91 156 459 
114 54 82 72 98 63 255 99 169 509 
107 58 74 79 90 68 255 98 200 570 
107 53 72 75 89 64 255 110 184 620 
118 55 81 78 99 66 255 112 192 692 
136 54 97 78 117 66 255 116 202 762 
149 58 109 83 129 70 255 116 229 824 
159 62 121 89 140 75 255 119 229 874 
160 65 121 92 141 78 255 122 229 930 
167 68 128 96 148 81 255 122 230 964 
172 68 131 98 150 82 255 122 238 977 
171 69 131 98 151 82 255 122 233 984 
164 66 122 96 142 80 255 126 241 1036 
152 63 106 94 128 78 255 130 236 1105 
133 60 85 94 109 77 255 132 240 1246 
106 61 58 97 82 78 255 134 248 1341 
94 63 45 98 69 80 255 136 239 1300 
84 66 36 100 60 82 255 137 242 1321 
75 69 28 104 51 86 255 138 210 1361 
71 71 22 108 46 89 255 137 203 1415 
71 71 21 110 46 90 255 138 207 1509 
77 71 25 112 51 91 255 140 209 1618 
87 70 34 113 60 90 255 141 234 1740 
106 64 52 112 78 88 255 137 257 1838 
128 72 77 114 103 92 255 134 258 1632 
138 79 90 115 114 96 255 136 218 1339 
142 82 93 118 117 98 255 136 218 1366 
145 84 96 118 120 100 255 137 215 1395 
146 84 96 118 121 101 255 139 211 1441 
144 83 96 118 120 101 255 136 223 1383 
145 79 98 111 121 95 255 135 218 1252 
151 78 108 106 130 92 255 130 206 1022 
162 75 119 104 140 89 255 129 224 1016 
160 78 117 108 138 92 255 131 219 1063 
160 81 116 113 137 97 255 133 218 1126 
158 83 112 118 135 100 255 134 224 1299 
156 85 106 118 130 102 255 140 203 1432 
154 85 98 118 124 102 255 148 196 1535 
154 84 92 118 119 103 255 154 196 1569 
156 84 95 118 122 102 255 150 202 1595 
147 83 98 118 123 100 255 138 211 1403 
141 77 97 107 119 92 255 131 211 1081 
131 71 91 97 110 83 255 124 189 823 
115 68 77 93 95 79 255 115 201 737 
91 65 54 90 72 77 255 113 207 704 
69 70 32 93 50 81 255 116 181 712 
58 75 22 99 39 86 255 117 188 740 
55 79 18 104 36 91 255 119 179 788 
57 81 18 108 37 94 255 124 193 876 
61 83 20 111 40 96 255 127 207 969 
74 81 31 110 52 95 255 131 189 1026 
92 77 48 105 69 91 255 128 226 1026 
116 74 75 99 95 85 255 126 192 854 
121 67 84 93 102 78 255 116 193 711 
120 64 86 84 103 74 255 107 172 571 
125 63 93 83 109 72 255 97 177 520 
137 64 104 83 120 73 255 98 166 502 
148 66 116 85 132 75 255 102 167 528 
156 71 123 91 139 81 255 107 162 598 
160 74 124 96 141 84 255 112 186 690 
161 75 123 103 141 89 255 119 200 826 
166 81 124 109 144 95 255 124 210 944 
170 85 127 118 147 100 255 126 231 1078 
169 86 126 118 147 102 255 132 222 1174 
167 87 122 118 144 102 255 136 212 1219 
161 85 116 118 138 101 255 132 234 1212 
154 82 111 111 132 96 255 131 210 1033 
148 79 107 103 127 91 255 123 187 843 
141 74 104 96 122 84 255 115 172 665 
138 73 105 92 121 82 255 101 164 523 
137 68 108 85 122 76 255 90 153 424 
136 67 110 83 123 74 255 83 129 349 
138 63 114 77 125 70 255 76 113 291 
150 62 128 74 139 68 255 74 92 246 
162 62 140 74 151 67 255 72 87 238 
178 64 158 76 167 69 255 71 84 226 
186 68 169 80 177 73 255 74 67 199 
186 69 171 82 179 74 255 79 61 183 
186 65 168 79 177 71 255 72 84 224 
179 60 157 75 168 67 255 76 96 265 
161 53 136 67 148 60 255 79 115 309 
138 48 111 63 125 55 255 81 136 353 
115 46 87 62 101 54 255 83 148 370 
96 44 68 61 81 53 255 79 166 390 
92 45 65 61 78 53 255 82 136 345 
109 46 82 62 95 53 255 81 139 348 
130 52 105 66 117 59 255 78 109 289 
143 56 120 70 131 63 255 74 104 264 
144 58 122 70 133 64 255 76 94 252 
144 59 121 72 132 65 255 73 112 267 
144 61 121 74 132 67 255 74 108 265 
146 62 123 75 134 68 255 77 105 278 
148 63 123 77 135 69 255 79 111 294 
147 60 122 75 134 67 255 80 126 334 
146 61 120 77 133 68 255 86 120 352 
146 58 119 75 133 66 255 88 149 414 
149 59 120 77 134 68 255 93 162 459 
150 56 118 77 134 66 255 97 184 543 
152 56 119 78 136 67 255 104 189 609 
155 59 121 81 138 69 255 109 188 660 
160 61 125 86 143 73 255 112 211 753 
166 66 130 93 148 79 255 117 211 807 
173 71 135 99 154 84 255 119 227 887 
174 73 134 102 153 87 255 121 233 963 
174 74 133 105 153 89 255 124 233 1020 
171 74 129 106 149 89 255 126 249 1110 
169 72 124 106 146 88 255 131 252 1242 
169 72 121 108 144 89 255 135 237 1401 
166 72 116 111 141 91 255 137 253 1573 
167 75 114 115 139 94 255 139 243 1739 
167 76 113 118 139 97 255 141 243 1876 
170 78 114 118 141 99 255 147 190 1859 
170 80 115 118 141 101 255 153 192 1735 
169 82 113 118 140 101 255 156 193 1746 
171 84 111 118 138 102 255 160 192 1697 
169 85 110 118 138 103 255 164 181 1665 
168 86 109 118 137 103 255 165 180 1639 
168 87 108 118 137 104 255 165 177 1573 
167 89 109 118 138 105 255 165 171 1477 
168 90 110 118 139 106 255 161 186 1377 
169 92 112 118 141 107 255 159 164 1239 
170 93 112 118 141 107 255 156 169 1192 
170 94 113 118 142 107 255 153 161 1118 
170 95 112 118 142 108 255 152 164 1093 
170 96 113 118 142 108 255 151 159 1053 
171 94 113 118 142 107 255 155 169 1153 
166 88 112 118 138 105 255 162 172 1365 
160 86 112 118 136 102 255 143 191 1356 
156 80 113 111 134 96 255 132 206 1045 
152 78 113 103 132 90 255 119 201 800 
144 72 109 95 126 84 255 111 182 630 
132 74 99 93 115 83 255 102 162 530 
117 70 86 87 102 78 255 101 133 438 
109 66 80 83 94 74 255 92 145 406 
110 62 82 80 95 70 255 86 151 385 
116 61 90 78 103 69 255 84 129 348 
125 58 98 73 111 65 255 87 117 335 
131 55 104 71 117 63 255 85 121 335 
133 54 106 71 119 62 255 82 134 346 
82 60 76 65 79 62 114 10 26 41 
82 60 76 65 78 62 125 10 25 41 
82 61 76 65 79 63 240 15 20 35 
77 62 70 66 73 64 225 14 24 40 
69 63 63 68 66 65 122 10 25 42 
58 64 51 69 54 66 122 10 28 43 
45 65 39 70 42 67 101 10 26 42 
34 62 27 67 30 64 186 12 25 39 
32 62 26 66 29 64 243 15 20 35 
46 63 39 68 42 65 99 10 27 46 
68 65 61 70 64 67 92 9 28 47 
86 64 79 69 82 66 241 16 26 42 
103 62 96 67 99 64 147 10 31 47 
115 58 109 62 112 60 251 17 20 35 
124 56 118 61 121 58 249 14 22 37 
128 54 122 59 125 56 233 13 24 40 
132 51 127 56 129 53 115 11 21 36 
137 50 131 55 134 52 108 9 28 42 
143 50 137 55 139 52 125 9 25 41 
150 49 144 54 147 51 130 10 25 41 
156 48 150 53 153 50 132 9 26 40 
158 47 152 52 155 49 128 8 27 41 
159 46 153 51 156 48 102 9 23 37 
159 45 153 50 156 47 178 9 26 40 
149 45 142 50 145 47 157 10 31 46 
125 43 117 48 121 45 126 10 33 52 
96 43 88 48 92 45 100 10 28 49 
75 39 67 44 70 41 186 13 26 43 
54 39 47 44 50 41 155 11 27 46 
36 42 30 46 33 44 181 14 20 35 
24 46 18 51 21 48 108 9 25 40 
18 47 13 52 15 49 175 11 20 32 
23 49 17 53 20 51 240 13 20 35 
36 49 30 54 33 51 102 9 25 42 
57 51 50 56 53 53 90 9 28 43 
75 50 69 55 72 52 138 11 25 41 
92 49 85 54 88 51 162 12 27 45 
107 46 100 51 103 48 204 12 31 46 
116 46 110 51 113 48 118 11 22 37 
123 47 117 52 120 49 124 10 27 42 
125 47 119 52 122 49 217 13 23 40 
126 46 119 51 122 48 179 11 30 46 
113 46 105 50 109 48 190 14 27 45 
88 42 81 47 84 44 102 12 27 48 
67 45 60 49 63 47 239 18 24 40 
51 49 45 53 48 51 235 17 20 35 
38 56 31 61 34 58 197 13 28 45 
31 61 25 66 28 63 223 13 27 40 
31 67 26 72 28 69 125 12 22 36 
44 62 37 67 40 64 220 15 29 45 
67 58 59 63 62 60 109 11 30 51 
91 55 84 60 87 57 196 15 26 47 
112 52 104 57 107 54 189 15 28 46 
133 50 126 55 129 52 155 12 28 46 
147 50 141 55 144 52 131 11 24 42 
157 50 151 55 154 52 115 10 26 42 
161 49 155 54 158 51 122 9 25 42 
156 48 150 53 153 50 150 11 25 41 
143 46 136 51 139 48 106 11 28 47 
117 49 109 54 112 51 202 15 32 51 
91 52 84 57 87 54 140 13 27 47 
69 56 61 61 64 58 194 14 32 51 
51 59 44 64 47 61 249 18 23 41 
39 61 33 66 36 63 141 13 25 42 
34 67 28 72 30 69 155 11 25 41 
30 67 24 72 27 69 189 11 25 40 
32 62 26 68 29 65 164 13 26 43 
32 55 26 60 29 57 203 12 25 41 
31 50 25 55 28 52 140 11 25 41 
32 47 26 52 29 49 186 10 26 41 
41 49 35 54 38 51 114 12 23 42 
60 57 53 63 56 59 182 13 30 52 
78 69 71 74 74 71 200 15 26 47 
95 72 88 77 91 74 246 18 28 46 
116 67 108 72 112 69 188 14 30 52 
134 61 127 66 130 63 118 12 26 46 
146 56 139 62 142 58 227 13 31 48 
154 53 147 58 150 55 247 14 27 42 
158 53 152 57 155 55 243 16 22 35 
153 52 146 57 149 54 124 10 29 47 
136 54 128 58 132 56 222 17 25 45 
114 56 106 61 110 58 241 17 31 50 
95 54 88 59 91 56 155 13 28 47 
77 55 69 60 72 57 148 13 28 50 
58 56 51 61 54 58 196 14 28 46 
44 57 37 62 40 59 226 15 29 45 
32 57 26 62 29 59 102 11 25 41 
28 59 21 64 24 61 203 13 26 40 
33 61 26 65 29 63 242 15 24 40 
42 61 35 65 38 63 255 20 22 40 
63 59 55 64 58 61 226 18 30 51 
88 56 80 61 84 58 166 14 30 51 
103 59 97 64 100 61 225 17 24 42 
106 53 99 58 102 55 240 15 27 46 
113 54 106 59 109 56 215 16 26 44 
128 44 121 48 124 46 232 19 22 40 
143 44 136 49 139 46 212 14 28 45 
147 48 140 53 143 50 243 15 27 42 
149 49 142 54 145 51 254 14 28 43 
141 50 133 54 137 52 255 18 26 45 
122 50 114 55 118 52 235 18 28 47 
100 51 93 56 96 53 106 14 27 48 
82 53 75 58 78 55 244 18 24 42 
69 57 62 62 65 59 138 15 28 47 
53 63 47 68 49 65 228 17 23 41 
48 70 42 75 45 72 166 14 25 42 
45 70 39 75 42 72 255 16 24 40 
40 63 34 68 36 65 217 17 22 41 
35 55 29 60 32 57 238 15 27 40 
35 49 29 54 31 51 168 13 23 41 
40 46 33 51 36 48 131 12 27 44 
47 49 40 54 43 51 125 13 28 44 
44 51 37 55 40 53 244 17 24 40 
33 52 26 57 29 54 249 16 25 42 
28 54 22 59 24 56 210 14 23 41 
40 55 32 59 36 57 255 20 28 45 
60 57 53 62 56 59 255 22 24 42 
78 56 70 61 74 58 164 13 32 52 
97 58 89 63 93 60 128 13 30 51 
109 55 103 60 106 57 232 19 23 42 
121 52 114 57 117 54 169 14 27 46 
133 51 126 56 129 53 179 14 27 47 
142 49 135 54 138 51 252 15 29 46 
146 50 139 55 142 52 207 13 29 46 
148 50 142 55 145 52 143 13 25 42 
149 50 142 55 145 52 187 13 31 46 
148 50 142 55 145 52 179 14 25 42 
141 51 134 56 137 53 123 14 25 47 
121 54 113 59 116 56 163 15 33 53 
99 55 91 60 95 57 237 18 30 52 
81 60 73 65 77 62 207 15 31 51 
71 61 65 66 68 63 198 16 24 42 
63 62 56 67 59 64 118 13 29 47 
52 64 45 69 48 66 149 15 28 47 
43 67 36 72 39 69 212 15 27 47 
30 62 24 67 27 64 125 13 25 42 
23 61 16 66 19 63 253 16 25 42 
21 62 15 67 18 64 251 16 24 40 
26 66 20 71 23 68 244 16 23 41 
36 67 29 71 32 69 255 19 25 40 
44 69 37 74 40 71 238 16 27 45 
48 70 42 75 45 72 206 17 23 42 
55 66 48 71 51 68 255 18 28 46 
65 68 58 73 61 70 170 15 28 48 
76 67 69 72 72 69 220 18 27 46 
78 68 71 73 74 70 154 14 26 47 
72 69 65 74 68 71 209 16 27 47 
66 67 59 72 62 69 233 19 26 46 
54 62 47 67 50 64 247 18 28 47 
44 65 37 70 40 67 177 16 27 47 
36 60 30 65 33 62 254 17 22 40 
34 60 28 65 31 62 156 13 25 42 
35 61 28 66 31 63 255 18 26 42 
47 64 40 69 43 66 255 18 28 46 
57 63 50 68 53 65 255 19 27 45 
69 62 62 67 65 64 223 17 26 46 
85 63 77 68 81 65 146 14 31 52 
98 64 91 69 94 66 255 20 27 46 
109 59 102 65 105 62 247 17 32 51 
119 57 112 62 115 59 255 19 26 46 
128 56 120 61 124 58 255 18 30 47 
139 52 132 57 135 54 254 18 27 47 
147 50 140 55 143 52 255 18 28 45 
152 50 145 55 148 52 196 15 29 47 
154 49 147 54 150 51 233 16 27 47 
153 49 146 54 149 51 255 17 28 46 
152 48 145 53 148 50 245 18 24 43 
142 49 134 54 138 51 222 18 29 52 
126 52 118 57 121 54 255 19 31 51 
109 55 102 60 105 57 144 18 25 48 
89 51 80 57 84 53 241 18 36 57 
67 48 59 53 63 50 255 20 29 50 
53 50 46 55 49 52 228 18 27 46 
41 54 34 59 37 56 255 17 28 45 
31 57 24 62 27 59 193 14 28 46 
23 58 16 63 19 60 255 17 25 42 
19 61 12 66 15 63 255 16 27 43 
27 61 20 66 23 63 209 16 27 47 
42 61 35 66 38 63 245 19 27 47 
57 61 49 66 53 63 170 15 33 52 
71 58 63 63 66 60 255 18 31 52 
82 50 74 55 78 52 255 19 28 49 
94 47 86 52 90 49 166 16 32 52 
109 49 101 54 104 51 171 18 29 53 
127 51 120 56 123 53 253 22 26 46 
134 49 126 55 130 52 255 17 32 52 
136 52 129 57 132 54 151 16 27 46 
135 52 127 57 131 54 255 17 31 52 
132 55 124 60 127 57 197 18 29 51 
127 54 119 59 123 56 216 17 29 49 
118 58 111 64 114 60 255 20 30 52 
106 61 99 66 102 63 252 21 25 47 
95 63 87 69 91 66 255 17 35 55 
87 63 80 68 83 65 140 16 28 48 
78 63 70 68 74 65 255 18 33 51 
63 66 56 71 59 68 190 19 26 48 
45 69 38 74 41 71 163 15 26 47 
34 68 27 73 30 70 197 15 28 47 
28 67 21 72 24 69 243 15 31 46 
29 67 23 72 26 69 254 18 24 42 
37 64 30 69 33 66 218 16 27 47 
53 63 45 68 48 65 224 17 31 53 
73 64 64 69 68 66 255 21 32 56 
90 63 82 68 86 65 255 21 30 50 
107 59 99 65 102 62 255 18 35 56 
118 59 111 64 114 61 255 21 26 46 
128 58 120 64 124 60 255 18 34 53 
135 57 128 62 131 59 193 17 27 47 
140 57 132 62 136 59 255 18 29 48 
145 57 138 62 141 59 184 16 26 47 
148 58 141 63 144 60 165 16 28 48 
151 57 144 62 147 59 255 19 27 47 
152 57 145 62 148 59 255 18 27 47 
157 60 150 65 153 62 255 19 27 46 
161 60 154 65 157 62 245 19 25 43 
165 59 158 65 161 61 255 17 32 48 
163 60 156 65 159 62 254 18 29 46 
164 59 157 65 160 61 255 18 30 47 
167 58 160 63 163 60 239 16 27 46 
165 56 158 62 161 59 255 16 35 51 
152 54 144 59 148 56 255 21 32 52 
131 56 123 61 127 58 238 20 29 52 
115 57 107 62 111 59 195 17 29 49 
108 55 101 60 104 57 240 19 27 48 
110 53 102 58 106 55 251 19 29 52 
130 54 122 59 126 56 128 16 30 50 
146 50 139 55 142 52 165 18 27 48 
153 49 146 54 149 51 255 18 27 46 
152 54 145 59 148 56 192 16 30 48 
145 55 137 60 140 57 160 15 30 53 
125 55 116 60 120 57 192 17 32 58 
100 58 91 63 95 60 236 18 32 58 
83 58 75 63 79 60 185 16 32 52 
71 60 64 65 67 62 222 18 27 44 
62 60 54 65 58 62 255 17 31 52 
52 62 44 67 47 64 255 19 28 47 
42 66 35 71 38 68 207 17 25 46 
30 66 23 71 26 68 255 18 26 45 
23 66 16 71 19 68 255 16 29 45 
23 67 16 72 19 69 147 14 26 43 
31 66 23 71 26 68 255 17 33 51 
42 63 35 69 38 66 255 19 28 47 
48 65 41 71 44 67 255 19 27 47 
47 63 40 68 43 65 222 18 28 47 
49 63 42 69 45 66 255 18 30 51 
52 65 44 70 48 67 255 19 30 49 
52 64 45 69 48 66 180 17 30 48 
54 63 46 69 49 65 255 18 34 56 
60 61 53 66 56 63 255 21 26 47 
65 61 58 67 61 64 255 22 26 47 
66 65 59 70 62 67 255 22 26 47 
67 64 59 69 63 66 255 20 32 52 
77 64 69 70 73 66 255 19 31 57 
85 64 77 69 81 66 171 18 31 52 
84 67 76 72 80 69 234 21 31 52 
84 66 77 71 80 68 221 22 26 48 
87 64 79 70 83 67 255 20 35 57 
87 62 79 68 83 65 255 19 34 57 
84 63 76 68 79 65 201 23 26 49 
73 68 65 73 69 70 218 25 27 53 
63 70 55 75 59 72 182 21 31 54 
55 71 47 77 50 73 237 21 30 55 
59 71 51 76 55 73 255 24 27 52 
67 70 58 76 62 72 255 20 36 60 
72 70 64 76 67 73 255 22 32 59 
76 64 68 70 72 67 255 20 33 58 
65 63 57 69 61 65 255 21 34 58 
58 61 50 66 53 63 192 19 29 53 
50 57 42 63 46 59 255 20 29 53 
43 57 35 62 39 59 212 18 31 52 
38 56 31 61 34 58 255 20 27 48 
36 56 29 61 32 58 250 19 26 47 
37 57 30 63 33 59 255 20 32 50 
48 60 40 65 44 62 255 21 29 52 
64 64 56 69 60 66 244 21 28 52 
75 62 68 67 71 64 230 22 27 48 
88 61 80 66 84 63 156 18 32 54 
101 58 93 63 97 60 213 21 29 50 
121 58 113 63 117 60 255 24 28 53 
137 57 129 62 133 59 205 19 32 53 
148 55 141 60 144 57 253 22 26 48 
154 55 147 60 150 57 255 21 26 47 
151 54 143 59 147 56 255 20 31 52 
137 52 129 57 132 54 238 22 28 53 
122 52 114 58 118 54 255 19 34 57 
120 54 112 59 116 56 213 20 29 49 
121 53 113 59 116 56 255 19 35 57 
121 55 113 60 116 57 219 21 28 50 
120 55 112 61 116 58 255 21 34 53 
118 56 111 62 114 59 255 23 27 49 
117 59 109 65 113 61 255 20 33 58 
116 63 108 69 111 65 230 26 28 51 
117 65 108 71 112 67 249 22 31 53 
118 64 110 69 113 66 255 22 30 53 
119 68 112 73 115 70 227 24 25 48 
118 66 111 71 114 68 213 23 25 48 
110 66 102 71 106 68 253 23 30 53 
95 64 86 69 90 66 255 22 32 57 
77 56 69 62 72 58 255 26 30 55 
65 51 57 57 60 53 255 21 35 58 
59 48 52 54 55 51 255 19 32 52 
59 50 52 56 55 52 255 20 30 51 
56 51 49 56 52 53 255 22 26 47 
54 52 47 57 50 54 255 22 26 47 
55 55 48 60 51 57 247 24 26 48 
61 60 53 66 57 63 255 20 34 59 
68 65 60 71 63 68 255 22 31 54 
76 63 68 69 72 65 255 22 33 57 
87 64 78 70 82 67 255 20 37 62 
98 62 90 67 94 64 233 23 28 53 
111 59 102 65 106 61 255 20 41 63 
126 59 117 65 121 61 255 20 38 62 
141 54 133 60 136 57 255 22 32 55 
148 51 140 57 144 53 255 18 33 57 
146 52 139 57 142 54 255 22 26 48 
138 52 130 57 134 54 240 22 27 52 
123 52 115 57 119 54 177 21 29 54 
104 56 95 61 99 58 255 23 31 57 
80 58 71 64 75 61 255 22 36 63 
60 62 51 67 55 64 255 24 31 55 
46 66 39 71 42 68 229 23 26 48 
40 66 32 72 36 68 255 20 33 55 
35 65 27 70 31 67 255 20 31 52 
32 65 24 71 28 68 255 19 34 56 
34 65 26 70 30 67 255 24 28 51 
54 65 45 70 49 67 220 24 31 59 
78 62 69 67 73 64 238 24 33 59 
93 59 84 65 88 61 237 25 35 61 
108 59 99 65 103 61 255 23 34 60 
124 56 115 62 119 59 255 25 34 64 
140 54 131 59 135 56 251 25 30 56 
150 54 141 60 145 57 255 22 36 61 
150 55 141 61 145 58 255 21 36 60 
145 57 137 63 141 60 255 23 33 58 
134 56 125 62 129 59 255 24 34 61 
127 56 118 62 122 58 255 21 40 64 
139 53 131 59 134 56 255 24 31 59 
148 52 140 58 143 54 255 22 34 58 
150 55 143 60 146 57 255 25 25 48 
151 56 142 62 146 58 247 23 31 55 
147 57 139 63 143 60 255 21 34 58 
147 57 139 62 143 59 255 23 29 54 
153 58 146 63 149 60 207 26 24 48 
158 59 150 64 154 61 210 23 28 52 
162 60 154 65 157 62 255 23 30 53 
165 61 157 66 161 63 255 23 28 52 
169 61 160 66 164 63 250 22 30 55 
170 62 163 67 166 64 255 25 26 48 
172 61 164 67 168 63 255 21 31 57 
170 61 162 66 166 63 203 25 26 50 
167 60 159 65 163 62 255 25 28 53 
161 61 153 66 157 63 244 28 25 49 
159 59 151 65 155 61 255 23 32 57 
155 59 147 64 150 61 255 25 28 52 
150 58 142 63 146 60 203 25 29 54 
141 57 132 63 136 59 255 23 38 64 
122 59 113 65 117 62 255 25 35 64 
103 60 94 66 98 62 255 24 33 60 
90 64 81 70 85 67 255 28 33 60 
86 75 77 81 81 78 255 23 36 66 
80 79 72 84 76 81 255 28 28 54 
74 79 65 85 69 82 255 22 37 64 
68 81 60 86 64 83 218 27 29 54 
65 83 57 88 60 85 208 26 27 53 
58 82 49 88 53 85 255 22 36 59 
48 80 40 86 44 83 255 26 29 55 
41 78 32 84 36 81 255 22 37 64 
36 75 27 81 31 78 255 22 37 61 
35 75 26 80 30 77 255 24 33 58 
39 73 30 79 34 75 255 27 33 60 
49 70 40 76 44 72 229 26 34 64 
64 71 54 77 59 73 255 24 40 71 
81 69 71 75 76 72 255 25 39 67 
92 65 83 70 87 67 255 31 31 58 
101 56 92 61 96 58 255 31 31 59 
108 50 99 56 103 52 255 25 33 60 
115 49 107 55 111 51 255 24 32 58 
122 50 114 55 118 52 255 26 29 54 
133 52 124 57 128 54 221 25 33 58 
144 54 135 59 139 56 206 25 28 54 
154 56 145 61 149 58 255 24 33 58 
162 57 153 63 157 59 251 22 33 59 
164 58 156 63 159 60 252 25 29 53 
158 59 150 64 154 61 224 26 30 54 
148 59 139 65 143 61 255 25 35 61 
137 58 128 64 132 61 255 25 37 64 
124 60 114 66 119 62 255 23 38 70 
109 59 101 64 105 61 255 29 27 54 
100 61 91 67 95 64 255 23 36 64 
92 62 83 68 87 64 255 22 36 63 
79 63 71 68 75 65 216 28 28 54 
69 66 60 71 64 68 255 26 30 54 
60 66 51 72 55 69 255 24 34 61 
53 67 44 73 48 69 225 24 33 59 
47 67 38 73 42 69 255 22 36 64 
42 67 34 72 38 69 205 26 28 54 
38 67 30 72 34 69 211 26 29 53 
33 65 25 71 28 68 255 24 32 56 
30 67 22 72 26 69 250 25 30 50 
32 66 23 71 27 68 208 25 32 58 
39 66 30 71 34 68 255 26 32 59 
47 65 38 71 42 68 255 24 36 65 
58 65 49 71 53 67 255 29 33 56 
78 60 68 66 73 63 255 26 35 65 
99 60 90 66 94 63 255 31 33 64 
115 59 105 65 110 61 255 28 39 71 
124 61 115 67 119 64 255 28 32 66 
130 59 120 65 125 61 255 27 36 70 
130 59 119 65 124 61 255 28 37 69 
131 58 122 63 126 60 255 32 31 59 
125 60 115 66 120 62 255 34 34 66 
115 59 105 65 110 61 255 29 39 70 
113 59 103 65 108 62 255 27 37 67 
106 59 97 65 101 62 255 28 36 66 
97 62 88 68 92 65 255 29 35 65 
86 64 77 70 81 66 255 32 32 62 
72 64 63 70 67 67 255 27 37 65 
55 63 46 68 50 65 255 33 30 60 
45 67 36 73 40 69 225 28 33 60 
37 69 28 75 32 71 255 26 33 61 
27 68 19 73 23 70 255 28 28 54 
19 68 10 73 14 70 255 26 32 58 
20 69 12 75 16 72 255 26 28 54 
28 70 19 76 23 72 255 23 36 64 
43 72 33 77 38 74 255 30 33 64 
61 72 52 78 56 75 255 32 32 62 
84 72 73 78 78 75 255 27 40 76 
104 68 94 74 98 70 255 28 37 72 
122 62 112 68 116 65 255 29 36 67 
134 59 125 65 129 61 255 26 33 64 
139 61 130 67 134 63 255 27 34 64 
144 61 135 66 139 63 255 31 31 59 
152 59 142 65 146 62 255 25 36 67 
157 60 148 66 152 63 255 24 37 66 
164 59 156 65 160 62 255 26 34 60 
168 58 160 64 164 61 255 25 30 58 
167 58 158 64 162 60 255 25 35 63 
160 58 151 63 155 60 252 30 29 58 
149 57 139 62 143 59 246 30 33 65 
131 60 121 66 126 62 255 28 37 68 
115 61 105 67 110 63 255 26 40 71 
103 58 92 64 97 60 255 27 36 71 
89 61 80 67 84 63 255 34 35 65 
83 67 74 73 78 70 255 26 36 64 
77 66 68 72 72 69 255 27 38 65 
70 67 61 73 65 69 227 30 33 60 
61 68 51 74 56 70 255 25 37 70 
50 69 41 75 45 71 255 27 34 63 
44 67 35 73 39 70 255 24 34 65 
40 68 32 73 36 70 255 29 28 54 
40 68 31 74 35 70 240 29 32 60 
47 66 37 72 42 68 255 25 39 70 
55 66 46 72 50 69 255 28 33 66 
66 60 56 66 61 62 255 29 36 72 
74 53 64 60 68 56 255 31 45 78 
77 51 67 57 71 54 255 27 37 72 
78 51 68 57 73 54 255 29 36 72 
78 48 68 54 73 50 255 31 37 67 
77 48 67 54 71 50 248 30 34 67 
77 47 67 53 71 49 255 29 38 67 
81 47 71 53 75 50 255 26 39 70 
91 46 81 52 85 48 255 27 36 70 
106 46 96 52 101 49 255 31 33 63 
120 47 110 53 115 49 255 26 36 67 
133 47 123 53 128 50 255 25 37 68 
142 49 132 55 137 52 255 25 38 71 
147 52 138 58 142 55 255 26 35 67 
147 55 138 60 142 57 255 32 31 60 
137 56 128 62 132 59 255 31 33 63 
123 56 112 62 117 59 255 27 39 76 
106 56 95 62 100 59 255 29 42 78 
90 57 80 63 85 59 255 30 35 67 
72 59 61 65 66 61 255 30 42 77 
55 67 45 73 50 70 255 31 38 72 
50 68 41 74 45 71 255 29 33 67 
48 71 39 77 43 74 255 29 34 67 
50 73 40 79 44 76 255 29 36 71 
52 72 41 78 46 74 255 32 42 76 
60 70 49 76 54 72 255 34 36 73 
69 69 57 75 63 72 255 31 42 83 
76 68 65 74 70 71 255 33 41 80 
82 65 71 72 76 68 255 38 41 81 
97 66 86 72 91 69 255 35 37 79 
113 64 102 70 107 67 255 34 38 79 
121 63 110 69 115 66 255 31 38 78 
122 66 111 72 116 68 255 33 36 73 
127 62 117 68 122 64 255 36 36 73 
136 57 125 63 130 59 255 28 40 77 
143 56 133 62 138 58 255 31 37 72 
149 57 139 64 144 60 255 33 39 71 
154 60 144 66 149 62 255 30 36 72 
158 62 148 68 153 64 255 33 34 67 
161 62 150 68 155 64 255 28 40 77 
161 62 151 68 156 65 255 29 36 72 
159 63 149 69 154 66 255 31 36 73 
150 64 139 70 144 67 255 33 39 76 
138 65 127 71 132 67 255 35 41 80 
126 65 115 71 120 68 255 32 41 79 
115 65 105 71 110 68 255 34 36 73 
111 64 101 70 105 67 255 32 36 74 
104 62 94 68 98 65 255 32 37 73 
90 60 80 66 85 63 255 32 37 72 
73 62 62 68 67 64 255 29 38 73 
57 65 47 71 51 68 255 30 36 73 
46 69 36 75 40 72 255 28 38 73 
42 73 32 79 36 75 255 28 37 72 
43 74 33 80 37 77 255 30 37 70 
47 75 36 81 41 78 255 30 40 73 
50 76 39 82 44 78 255 29 39 77 
47 76 37 82 42 79 255 31 38 72 
48 76 37 82 42 79 255 33 40 73 
55 77 44 84 49 80 255 33 39 77 
70 76 58 82 64 78 255 37 42 85 
88 69 76 75 81 72 255 35 42 87 
103 66 91 73 97 69 255 36 46 90 
117 63 104 69 110 65 255 37 44 91 
132 60 120 67 126 63 255 37 47 92 
147 54 135 61 141 57 255 38 46 90 
158 55 146 61 152 58 255 36 38 77 
162 56 151 63 156 59 255 38 41 81 
160 60 148 67 154 63 255 36 47 87 
155 61 143 68 148 64 255 35 49 91 
148 61 136 67 142 63 255 39 42 86 
131 63 118 69 124 65 255 39 43 92 
112 64 100 70 106 67 255 40 38 81 
102 62 90 68 96 65 255 37 41 85 
90 60 78 66 83 63 255 37 41 86 
72 63 60 70 66 66 255 39 45 90 
54 60 42 67 47 63 255 35 49 91 
43 68 32 74 37 71 255 41 36 75 
38 71 27 78 32 74 255 34 46 80 
34 72 23 78 28 75 255 34 39 80 
32 73 21 79 26 76 255 34 38 79 
35 74 24 81 29 77 255 35 44 84 
48 73 35 79 41 75 255 38 45 91 
66 69 54 76 60 72 255 42 46 88 
87 67 74 73 80 69 255 39 42 87 
110 66 97 72 103 69 255 37 46 92 
126 64 114 70 120 67 255 36 41 86 
135 62 123 69 128 65 255 36 46 87 
141 60 130 67 135 63 255 37 42 82 
149 60 138 66 143 63 255 38 37 76 
158 60 147 66 152 63 255 36 37 80 
163 60 151 66 157 63 255 35 39 83 
156 61 144 67 150 64 255 36 42 87 
135 61 122 68 128 64 255 41 45 94 
115 64 102 71 108 67 255 38 50 100 
98 66 85 73 91 69 255 39 49 97 
80 71 67 78 73 74 255 42 45 96 
66 74 54 80 60 77 255 38 38 85 
55 73 42 79 48 76 255 38 42 87 
47 71 35 78 40 74 255 36 47 93 
41 70 29 77 34 73 255 38 43 87 
34 69 22 76 27 72 255 36 45 93 
27 70 16 77 21 73 255 37 44 87 
28 72 16 79 22 75 255 38 42 82 
34 74 22 81 28 77 255 38 46 92 
46 74 33 81 39 77 255 37 52 100 
63 74 50 81 56 77 255 40 47 100 
83 74 69 81 76 77 255 40 48 103 
100 72 87 79 93 75 255 39 51 100 
113 68 101 74 107 70 255 44 39 81 
125 67 113 73 118 70 255 39 42 88 
135 64 123 71 129 67 255 41 41 83 
144 61 132 68 138 64 255 36 49 93 
149 60 138 66 143 63 255 37 37 80 
153 60 141 66 147 62 255 39 39 84 
155 59 143 66 148 62 255 38 40 85 
152 60 140 67 146 63 255 36 45 88 
147 61 135 67 141 64 255 39 41 86 
143 61 131 68 137 64 255 39 46 93 
131 62 117 69 124 65 255 42 49 101 
113 63 99 70 106 66 255 41 53 106 
94 66 80 73 86 69 255 44 47 95 
78 67 64 74 70 70 255 40 51 107 
69 69 55 76 62 72 255 39 54 106 
69 67 55 75 61 71 255 43 46 98 
69 67 55 75 61 70 255 46 54 109 
77 63 62 70 69 66 255 47 50 115 
99 58 83 66 90 61 255 49 60 129 
124 56 108 64 116 60 255 46 64 130 
141 56 126 63 133 59 255 48 53 117 
147 58 132 66 139 62 255 47 52 117 
147 61 132 69 139 64 255 47 51 117 
140 64 125 72 132 67 255 48 55 121 
133 66 118 74 125 70 255 50 57 124 
122 67 107 75 114 71 255 50 58 125 
111 69 96 77 103 72 255 48 56 117 
96 73 80 81 87 77 255 49 60 128 
77 77 63 84 70 80 255 48 48 112 
66 74 51 82 58 77 255 47 56 115 
54 73 39 81 46 77 255 47 52 115 
44 73 29 81 36 76 255 46 55 122 
47 74 32 82 39 77 255 47 58 124 
51 75 35 82 43 78 255 49 54 125 
61 75 44 83 52 79 255 51 61 134 
69 77 52 85 60 81 255 53 61 139 
90 79 72 88 81 83 255 55 73 158 
112 76 94 85 102 80 255 54 72 157 
123 72 105 81 113 76 255 57 63 155 
134 67 116 76 125 71 255 60 67 166 
136 64 117 74 126 68 255 58 76 176 
130 64 111 74 120 68 255 62 74 181 
120 65 101 76 110 70 255 63 76 180 
114 68 95 78 104 73 255 61 76 179 
112 70 93 80 102 74 255 60 75 176 
116 67 97 77 106 72 255 59 78 177 
126 63 108 73 117 68 255 58 78 174 
125 68 106 78 115 72 255 61 78 177 
119 75 99 84 109 79 255 62 77 179 
108 82 89 91 98 86 255 66 69 178 
99 85 78 95 88 89 255 63 80 191 
89 83 68 93 78 88 255 67 87 211 
68 83 46 94 57 88 255 68 88 220 
67 82 45 93 56 87 255 72 86 222 
88 83 63 96 75 89 255 73 101 262 
104 71 80 84 91 77 255 80 97 278 
134 58 109 73 121 66 255 76 118 313 
145 61 123 75 134 67 255 78 101 272 
104 58 98 62 101 60 254 19 20 35 
100 60 94 65 96 62 194 15 25 41 
97 63 91 68 94 65 255 17 24 40 
94 65 88 70 91 67 210 15 24 41 
91 66 85 70 88 68 245 17 20 35 
83 65 76 70 79 67 198 13 30 45 
68 64 61 69 64 66 154 13 29 47 
54 65 48 70 51 67 110 11 25 42 
54 67 48 72 51 69 143 10 25 41 
55 71 49 76 52 73 239 14 26 41 
63 69 56 73 59 71 249 16 23 40 
76 65 69 70 72 67 207 13 27 43 
90 58 83 63 86 60 201 14 26 46 
103 50 96 56 99 52 206 12 33 47 
111 43 105 48 108 45 187 15 22 41 
116 38 110 42 113 40 247 17 20 35 
116 36 110 41 113 38 108 11 25 40 
112 35 106 40 109 37 204 13 25 40 
102 35 95 40 98 37 140 11 28 46 
83 39 76 44 79 41 196 14 27 42 
63 43 55 48 58 45 231 16 24 39 
46 48 40 53 42 50 224 15 26 41 
36 51 30 56 32 53 156 11 24 41 
30 53 24 58 27 55 154 10 26 41 
25 54 19 58 22 56 248 14 20 35 
26 54 20 59 22 56 228 15 23 37 
37 53 30 58 33 55 97 11 26 46 
65 49 57 54 61 51 191 14 30 50 
85 49 78 54 81 51 124 13 28 47 
101 52 93 56 97 54 255 18 26 45 
116 51 109 56 112 53 193 13 28 46 
129 49 122 54 125 51 244 15 30 46 
141 47 134 52 137 49 247 15 27 45 
149 46 142 51 145 48 196 12 28 45 
156 46 150 51 152 48 152 11 26 41 
160 45 154 50 157 47 201 14 24 37 
163 46 157 51 160 48 192 12 26 40 
162 45 156 50 159 47 188 11 27 40 
158 50 152 55 155 52 195 14 25 42 
160 56 154 61 156 58 183 14 23 37 
158 57 152 62 155 59 237 14 26 40 
156 56 150 61 152 58 119 10 24 41 
154 55 148 60 151 57 220 14 24 40 
150 51 143 56 146 53 222 16 22 37 
142 52 135 57 138 54 203 13 29 46 
127 54 120 59 123 56 155 13 27 47 
112 56 105 61 108 58 220 15 28 46 
94 57 86 61 90 59 245 19 26 45 
70 57 62 62 66 59 137 11 32 51 
48 56 41 61 44 58 207 15 25 42 
35 55 29 60 31 57 138 11 27 41 
36 54 30 59 32 56 142 11 24 41 
47 54 40 58 43 56 214 16 24 40 
60 51 53 56 56 53 233 14 31 45 
69 49 62 54 65 51 204 13 28 46 
78 47 72 52 75 49 189 15 24 42 
95 44 87 48 90 46 250 19 24 42 
114 44 106 49 109 46 163 13 31 52 
125 44 118 49 121 46 247 16 28 45 
126 45 119 51 122 48 254 15 30 47 
132 44 125 49 128 46 253 16 26 45 
137 48 131 53 134 50 129 13 23 42 
141 49 135 54 138 51 255 19 22 37 
134 51 128 56 131 53 166 16 23 42 
104 54 97 59 100 56 216 17 27 46 
90 55 83 60 86 57 130 14 29 48 
48 80 43 84 45 81 56 4 16 26 
69 52 62 58 65 54 253 17 28 47 
62 52 55 57 58 54 255 17 28 46 
50 49 43 54 46 51 247 18 27 45 
42 47 35 52 38 49 192 14 28 45 
51 49 44 54 47 51 254 19 27 45 
67 47 60 52 63 49 127 16 26 48 
111 44 103 49 107 46 224 18 30 52 
79 67 74 71 76 69 62 5 20 30 
91 65 86 69 88 67 101 6 20 30 
100 65 95 69 97 67 80 5 22 30 
105 66 100 70 102 68 48 4 18 26 
109 66 104 70 106 68 51 4 22 30 
108 67 103 72 105 69 37 3 27 35 
100 72 95 76 97 74 59 5 18 27 
88 76 83 80 85 78 90 6 20 30 
78 78 73 82 75 80 97 5 19 30 
67 78 61 82 63 80 96 5 21 32 
55 79 50 83 52 81 77 5 22 30 
47 79 42 83 44 81 60 4 22 30 
46 76 42 80 44 78 58 3 16 25 
49 71 45 75 46 72 57 4 13 22 
37 76 33 80 35 78 61 3 16 25 
60 51 53 56 56 53 208 16 26 46 
53 52 46 57 49 54 210 15 25 43 
49 53 43 58 46 55 248 17 24 40 
48 54 41 59 44 56 255 16 30 46 
49 57 43 62 46 59 247 20 24 42 
50 59 43 64 46 61 240 17 28 46 
49 60 42 65 45 62 255 18 28 46 
48 60 41 65 44 62 192 18 29 47 
52 59 44 64 48 61 240 17 29 52 
66 57 59 62 62 59 221 20 26 48 
81 51 73 57 76 54 255 19 31 52 
88 48 81 53 84 50 255 20 25 46 
92 49 85 54 88 51 218 20 26 48 
100 49 93 54 96 51 191 19 26 48 
114 47 107 52 110 49 142 19 24 48 
127 45 120 50 123 47 215 21 26 48 
119 48 111 53 115 50 255 22 28 52 
107 51 99 56 103 53 254 22 28 49 
96 51 88 57 91 54 255 22 36 58 
86 52 78 57 82 54 228 22 27 52 
78 54 70 59 74 56 207 20 30 53 
73 55 65 60 68 57 216 22 26 49 
67 56 60 61 63 58 255 23 26 48 
65 53 57 59 61 55 255 20 33 58 
72 52 63 57 67 54 192 21 28 54 
92 51 82 56 87 53 230 24 31 60 
113 53 105 58 109 55 255 26 28 54 
130 53 122 58 126 55 253 25 27 53 
140 53 131 59 135 56 255 20 37 60 
144 54 136 59 140 56 238 22 28 53 
148 54 140 59 144 56 222 22 28 52 
137 56 128 61 132 58 253 25 31 58 
115 56 105 62 110 58 255 24 40 69 
86 59 76 65 80 62 255 24 37 69 
63 60 55 65 59 62 195 25 28 54 
51 59 42 64 46 61 197 22 31 58 
40 58 31 64 35 61 255 21 38 62 
35 58 27 64 30 61 255 21 34 58 
42 58 33 64 37 60 255 23 36 63 
64 59 54 64 58 61 255 26 31 60 
90 51 80 58 85 54 255 31 37 72 
107 46 98 51 102 48 240 28 30 58 
117 42 108 48 112 44 255 26 36 65 
125 43 116 49 120 45 236 27 33 60 
127 43 118 49 122 45 255 24 38 65 
126 47 117 53 121 49 255 26 34 65 
123 49 114 55 118 51 255 25 35 65 
120 55 110 61 115 57 255 25 40 70 
113 51 104 57 108 53 255 29 33 65 
100 46 90 51 95 48 255 33 34 61 
86 43 76 48 81 45 245 29 37 65 
76 44 66 49 71 46 255 30 35 64 
64 46 54 51 59 48 255 30 32 64 
55 47 46 53 50 50 255 29 33 63 
51 50 41 56 46 53 255 26 36 68 
52 53 42 59 46 55 255 29 38 68 
63 55 53 61 58 57 255 29 35 67 
84 56 73 62 78 59 255 30 37 73 
106 56 94 62 99 58 255 30 42 83 
126 57 115 63 120 59 255 30 40 78 
146 58 135 64 140 60 255 32 41 77 
160 59 149 65 154 61 255 29 38 73 
160 60 150 66 155 62 255 33 38 69 
151 60 141 66 146 63 255 31 34 71 
139 59 129 65 133 61 255 36 36 72 
121 54 111 60 116 57 255 31 37 72 
109 52 99 58 104 54 255 28 35 66 
101 48 92 54 96 51 255 28 32 66 
96 45 87 50 91 47 253 30 32 59 
91 47 82 53 86 50 255 24 36 64 
86 46 77 52 81 48 255 23 37 64 
80 47 71 52 75 49 219 23 33 58 
72 50 64 55 68 52 255 26 28 54 
55 48 46 54 50 50 255 22 34 59 
48 48 40 54 43 50 255 21 32 57 
47 50 39 55 43 52 255 24 29 52 
47 49 39 55 42 51 255 21 33 58 
48 51 40 57 44 53 255 21 32 53 
49 50 40 56 44 53 255 21 38 64 
48 51 40 56 43 53 255 27 27 53 
51 54 42 59 46 56 244 28 32 59 
63 54 54 60 58 57 255 26 34 65 
82 51 72 57 77 53 255 30 37 71 
99 49 89 55 93 52 255 27 39 72 
112 49 102 55 107 52 255 29 37 73 
124 48 113 54 118 50 255 30 38 73 
135 47 124 53 129 50 255 28 41 77 
135 51 124 57 129 53 255 29 41 77 
129 50 118 56 123 53 255 32 36 74 
120 53 108 59 114 55 255 35 42 79 
98 53 86 59 92 55 255 36 41 77 
75 53 63 59 69 56 255 35 39 82 
57 52 45 59 50 55 255 33 45 83 
44 52 34 59 38 55 255 36 37 73 
39 52 28 58 33 55 255 32 40 77 
40 51 29 58 34 54 255 32 45 84 
49 51 37 58 42 54 255 32 48 90 
61 50 49 57 55 53 255 39 41 85 
79 54 67 61 73 57 255 39 47 93 
97 50 83 57 89 53 255 41 51 107 
116 56 103 62 109 59 255 40 44 94 
131 56 118 62 124 59 255 41 44 93 
142 58 128 65 135 61 255 40 50 102 
149 57 136 64 142 60 255 40 48 101 
152 63 139 71 145 67 255 44 54 103 
156 68 143 75 149 71 255 41 47 97 
156 69 143 76 149 72 255 40 51 99 
148 66 134 73 141 69 255 44 48 105 
128 66 112 73 119 69 255 45 52 116 
104 65 88 73 95 68 255 45 63 126 
79 63 63 70 71 66 255 48 52 123 
61 63 46 71 53 66 255 47 62 122 
53 64 38 72 45 67 255 47 60 124 
60 66 44 74 52 70 255 51 61 134 
77 65 59 73 67 69 255 52 64 144 
94 63 75 72 84 68 255 57 66 156 
113 61 95 69 104 65 255 63 60 156 
135 59 116 68 125 63 255 59 74 175 
152 59 134 69 143 63 255 61 71 168 
163 57 145 67 154 62 255 58 73 173 
165 60 147 70 156 65 255 60 76 175 
154 61 134 71 144 66 255 60 84 191 
141 61 120 72 130 67 255 63 94 209 
127 61 105 73 116 67 255 65 101 230 
117 61 95 73 106 67 255 67 94 221 
112 62 90 74 100 68 255 69 97 230 
110 63 88 75 98 69 255 71 97 237 
112 64 90 78 101 70 255 71 99 247 
119 64 95 76 106 70 255 73 105 263 
130 63 105 77 117 70 255 74 114 290 
150 67 126 80 138 73 255 79 106 289 
151 69 127 82 139 75 255 82 101 294 
185 113 183 117 184 115 21 7 10 10 
131 68 104 85 118 76 255 83 130 366 
128 67 101 84 114 75 255 84 147 385 
126 67 98 82 111 74 255 89 130 375 
122 65 94 83 108 73 255 91 140 407 
120 63 90 82 105 71 255 88 171 462 
118 61 87 80 102 70 255 92 174 476 
118 51 107 58 112 54 255 37 47 87 
133 55 121 62 127 58 255 36 47 89 
143 58 132 65 137 61 255 36 47 82 
153 59 142 66 147 62 255 35 42 77 
157 59 146 66 151 62 255 35 44 79 
151 57 139 63 145 60 255 33 41 84 
133 52 121 59 126 55 255 40 41 87 
109 50 96 56 103 52 255 37 42 84 
89 52 76 59 82 55 255 38 49 98 
73 55 61 62 67 58 255 38 48 94 
67 59 55 66 60 62 255 38 49 93 
72 64 60 71 66 67 255 38 46 89 
81 67 69 73 75 70 255 40 40 87 
87 63 75 70 81 66 255 38 45 93 
102 58 89 65 95 61 255 40 50 102 
120 59 106 66 113 62 255 40 53 105 
132 59 118 66 125 62 255 40 51 104 
138 58 124 65 131 61 255 41 50 105 
130 52 116 59 123 55 255 46 50 110 
115 56 101 64 108 60 255 50 51 115 
106 62 91 70 98 66 255 51 59 125 
100 67 84 74 92 70 255 49 51 124 
90 64 73 72 81 67 255 50 60 131 
81 62 64 71 72 66 255 49 71 148 
74 62 57 70 65 66 255 55 60 143 
78 56 60 66 68 61 255 58 77 167 
89 56 70 66 79 61 255 59 81 181 
106 60 86 70 95 65 255 64 81 192 
127 63 105 75 115 69 255 65 91 219 
142 65 121 76 131 70 255 68 87 215 
152 68 131 80 141 74 255 71 86 220 
157 69 135 81 145 74 255 73 89 233 
152 70 129 83 140 76 255 74 99 253 
143 70 119 83 131 76 255 77 108 281 
132 70 106 84 119 76 255 78 120 320 
121 68 94 83 107 75 255 82 126 347 
113 67 85 82 99 74 255 89 122 367 
110 72 81 88 95 79 255 92 136 405 
100 72 69 90 83 81 255 93 176 495 
87 70 55 91 70 79 255 99 163 513 
85 72 52 91 68 81 255 105 153 529 
97 70 62 94 79 82 255 103 214 660 
111 73 75 95 92 83 255 109 176 625 
121 74 84 95 102 84 255 112 174 651 
130 75 93 97 111 86 255 117 176 695 
139 76 101 99 120 87 255 121 173 737 
146 77 107 103 126 89 255 121 192 809 
153 78 113 104 133 91 255 123 207 896 
158 79 117 108 137 93 255 125 214 972 
157 82 115 111 135 96 255 130 214 1046 
154 85 108 118 131 100 255 132 214 1213 
154 87 103 118 127 103 255 139 199 1323 
155 89 99 118 124 104 255 150 194 1383 
155 90 97 118 123 105 255 159 183 1354 
156 93 98 118 126 106 255 163 177 1284 
158 93 100 118 129 107 255 165 165 1273 
159 95 102 118 131 108 255 162 148 1149 
162 98 103 118 133 109 255 155 155 1021 
163 100 104 118 134 110 255 149 138 920 
164 101 105 118 135 110 255 146 134 850 
163 102 105 118 135 111 255 141 136 802 
163 102 103 118 134 111 255 142 135 820 
164 102 105 118 135 111 255 140 131 791 
163 99 103 118 134 110 255 149 143 928 
161 98 103 118 133 109 255 156 146 990 
159 94 106 118 133 107 255 162 151 1175 
155 92 107 118 131 105 255 147 168 1181 
145 87 102 116 123 100 255 127 214 1023 
134 82 95 105 114 93 255 120 201 796 
122 75 87 96 104 85 255 109 171 614 
114 71 83 91 98 80 255 98 158 478 
115 70 86 86 100 77 255 91 132 387 
112 65 85 80 98 72 255 85 122 338 
100 66 75 80 87 73 255 75 120 307 
88 61 64 74 76 68 255 71 112 264 
71 62 49 74 59 68 255 69 89 228 
54 60 34 71 43 65 255 68 82 207 
50 61 30 72 40 66 255 67 79 195 
59 59 38 71 48 65 255 68 84 205 
77 59 55 71 66 65 255 68 92 228 
101 60 77 72 89 66 255 69 102 249 
125 61 101 75 113 67 255 70 108 265 
145 64 122 77 133 70 255 72 98 252 
164 69 142 80 153 74 255 72 92 238 
176 70 156 82 166 76 255 70 80 224 
178 72 158 83 168 77 255 72 78 219 
171 71 150 83 160 76 255 72 86 231 
154 70 131 82 142 76 255 72 94 247 
126 66 102 78 113 72 255 75 98 259 
96 66 71 78 83 71 255 71 108 266 
67 66 44 77 55 71 255 73 97 248 
50 67 28 79 39 73 255 72 99 250 
46 71 24 84 34 77 255 73 101 253 
46 71 24 86 34 78 255 73 108 274 
53 74 30 87 41 80 255 77 101 277 
62 75 38 88 49 81 255 81 110 298 
76 75 49 90 62 82 255 83 126 345 
87 73 59 91 72 82 255 85 163 415 
100 75 70 95 84 84 255 90 166 456 
116 77 85 94 100 84 255 96 140 467 
133 75 100 94 116 84 255 100 158 511 
149 73 116 92 132 82 255 104 158 558 
159 72 126 93 142 82 255 105 173 606 
164 73 130 95 147 84 255 109 181 645 
162 74 126 96 144 84 255 112 185 706 
149 75 111 99 130 86 255 118 182 765 
132 75 91 101 111 87 255 122 209 869 
115 74 72 102 93 88 255 129 201 967 
99 74 54 106 76 89 255 129 233 1113 
87 79 42 110 64 94 255 134 206 1148 
81 81 35 114 58 96 255 135 206 1274 
77 83 30 118 53 100 255 135 214 1404 
77 87 29 118 53 103 255 150 169 1336 
82 88 32 118 57 104 255 155 158 1382 
84 89 33 118 58 104 255 157 150 1349 
85 88 34 118 59 104 255 158 147 1382 
91 86 39 118 64 103 255 153 163 1469 
94 85 43 118 68 102 255 147 186 1471 
102 81 53 117 77 98 255 136 217 1381 
118 76 73 105 95 90 255 132 200 1061 
127 70 88 95 107 81 255 119 197 774 
127 65 93 86 110 75 255 103 194 601 
128 62 98 81 113 71 255 88 175 458 
122 64 96 79 109 70 255 82 127 334 
117 63 93 76 105 69 255 75 104 262 
110 58 88 71 99 64 255 65 113 250 
104 53 84 66 94 59 255 65 92 217 
97 57 77 67 86 62 255 59 85 188 
102 58 83 67 92 62 255 59 77 173 
110 58 92 67 101 63 255 61 59 151 
119 55 101 64 109 59 255 54 68 158 
124 56 107 64 115 60 255 57 60 147 
136 56 118 65 127 60 255 53 71 160 
150 56 132 65 140 60 255 56 66 163 
162 61 145 70 153 65 255 58 65 156 
161 63 143 72 151 67 255 60 69 163 
153 63 133 73 143 68 255 62 75 184 
136 60 114 70 125 65 255 64 90 212 
111 59 88 70 99 65 255 68 88 225 
82 59 58 71 70 65 255 67 101 245 
58 63 37 74 47 68 255 68 86 223 
44 65 23 77 33 71 255 69 90 229 
32 63 13 75 22 68 255 70 86 224 
27 62 8 75 17 68 255 69 92 228 
27 65 8 78 17 71 255 70 88 229 
29 67 8 80 18 73 255 71 97 240 
34 68 13 81 23 74 255 73 99 253 
47 66 24 80 35 73 255 75 109 280 
56 68 32 82 44 75 255 79 103 284 
65 67 40 82 52 74 255 78 128 328 
74 69 47 84 60 76 255 85 124 347 
78 68 49 85 63 76 255 88 144 399 
84 68 54 85 68 76 255 96 135 426 
89 66 58 87 73 75 255 98 167 512 
83 69 50 91 66 79 255 104 173 562 
79 69 44 92 61 79 255 110 183 652 
76 71 39 95 57 83 255 118 185 745 
73 77 33 103 52 89 255 123 191 875 
78 78 34 109 55 93 255 131 193 1080 
85 81 37 116 60 97 255 135 218 1357 
92 81 40 118 65 100 255 142 188 1679 
103 82 48 118 75 101 255 154 187 1744 
110 85 52 118 80 103 255 161 186 1728 
117 86 56 118 86 104 255 166 159 1692 
120 86 58 118 89 104 255 167 146 1684 
120 86 57 118 89 104 255 167 142 1673 
124 87 62 118 93 105 255 168 152 1639 
130 88 66 118 98 105 255 169 146 1607 
132 87 67 118 99 105 255 169 136 1607 
129 87 66 118 97 105 255 167 161 1645 
124 82 68 118 96 101 255 154 163 1748 
119 78 69 114 94 95 255 135 205 1398 
116 77 75 102 96 88 255 125 178 837 
121 73 82 96 101 84 255 118 184 729 
126 73 87 97 106 85 255 120 188 772 
133 74 91 104 112 87 255 125 206 926 
140 80 95 110 117 94 255 127 228 1107 
146 84 97 118 122 100 255 135 214 1340 
155 90 101 118 126 105 255 156 175 1300 
159 94 105 118 132 107 255 162 153 1165 
160 97 105 118 133 108 255 161 147 1043 
157 97 100 118 129 108 255 160 151 1079 
155 92 96 118 124 106 255 162 179 1292 
142 87 91 118 116 103 255 143 200 1346 
122 78 76 112 99 94 255 128 211 1201 
93 75 53 100 73 88 255 117 204 798 
78 77 43 98 60 87 255 109 172 614 
73 79 41 98 57 87 255 101 153 506 
80 75 50 92 64 83 255 94 142 439 
91 72 63 93 77 82 255 83 181 450 
108 75 81 91 94 82 255 83 124 344 
121 74 94 88 107 80 255 85 114 330 
130 74 103 89 116 81 255 87 129 356 
141 76 112 92 126 83 255 86 142 389 
146 76 118 93 132 84 255 92 131 407 
152 77 122 96 137 86 255 94 155 470 
156 78 124 98 140 87 255 100 160 524 
158 79 125 102 142 90 255 106 172 610 
159 81 122 104 140 92 255 114 188 721 
160 83 121 109 140 95 255 120 195 838 
162 86 121 113 141 99 255 125 195 921 
163 87 120 117 141 102 255 127 218 1041 
161 87 117 118 139 102 255 131 228 1173 
159 88 113 118 135 103 255 141 179 1249 
159 89 110 118 134 105 255 151 176 1255 
159 92 108 118 133 106 255 159 157 1232 
160 92 108 118 133 106 255 162 146 1182 
160 94 106 118 133 107 255 162 152 1175 
160 95 106 118 133 107 255 162 149 1127 
162 95 106 118 134 108 255 158 158 1092 
163 97 107 118 135 108 255 157 158 1039 
163 98 107 118 136 109 255 155 147 975 
164 99 107 118 136 110 255 152 133 911 
164 100 107 118 137 110 255 151 129 898 
165 100 108 118 137 110 255 148 130 857 
165 100 107 118 137 110 255 147 135 863 
166 101 108 118 137 110 255 148 127 848 
166 100 108 118 138 110 255 147 140 874 
166 101 109 118 138 110 255 147 130 851 
166 100 108 118 138 110 255 147 138 884 
164 97 107 118 136 109 255 155 141 1018 
162 93 109 118 136 107 255 162 150 1184 
161 88 113 118 137 103 255 149 177 1339 
160 83 116 115 137 98 255 133 217 1180 
152 78 110 106 130 92 255 125 209 961 
144 73 106 98 124 85 255 118 188 750 
144 69 109 90 126 79 255 108 174 618 
148 62 115 83 131 72 255 100 178 574 
149 56 118 76 134 65 255 97 185 542 
146 55 114 75 130 65 255 98 183 572 
133 57 97 79 116 67 255 104 207 645 
114 59 77 82 95 70 255 113 203 714 
102 63 63 90 82 76 255 115 216 817 
91 68 51 95 71 80 255 125 209 868 
83 69 41 98 61 83 255 127 223 996 
77 76 34 106 55 90 255 132 193 1112 
74 79 28 114 50 96 255 134 217 1299 
75 84 24 118 50 102 255 139 192 1418 
82 87 31 118 56 103 255 154 156 1420 
89 87 35 118 62 104 255 158 141 1468 
97 86 43 118 69 103 255 155 145 1512 
109 85 58 118 83 102 255 142 192 1461 
120 80 74 115 97 97 255 128 221 1251 
127 78 85 108 105 93 255 120 216 944 
127 77 91 99 109 87 255 113 172 668 
126 75 93 95 109 84 255 102 158 522 
125 73 95 89 110 80 255 92 143 424 
127 66 99 83 113 74 255 84 145 382 
124 61 98 76 111 68 255 78 126 336 
115 59 91 73 103 66 255 75 105 284 
100 56 76 70 88 63 255 71 118 278 
78 51 55 65 66 58 255 77 101 268 
67 47 44 60 55 53 255 69 104 247 
72 48 48 61 59 54 255 72 110 270 
83 51 58 66 70 59 255 74 123 313 
90 54 63 69 76 61 255 79 134 354 
99 57 71 75 84 66 255 83 173 423 
110 61 79 81 94 70 255 92 178 493 
116 64 82 86 98 74 255 105 169 564 
120 69 82 92 101 79 255 115 185 705 
127 72 85 100 105 85 255 124 221 925 
133 73 85 107 109 89 255 133 240 1266 
138 77 87 118 112 96 255 140 219 1573 
143 82 88 118 114 101 255 148 203 1697 
146 86 89 118 117 104 255 163 169 1562 
151 90 89 118 118 105 255 168 167 1470 
152 92 89 118 120 106 255 168 172 1417 
155 94 90 118 121 107 255 166 170 1341 
155 94 90 118 122 107 255 165 171 1297 
155 94 90 118 122 107 255 165 172 1327 
155 93 91 118 122 107 255 166 167 1342 
155 91 92 118 122 106 255 167 164 1393 
153 86 93 118 121 103 255 159 179 1662 
144 81 94 118 119 99 255 137 226 1468 
146 79 102 109 124 93 255 129 201 1049 
159 78 118 105 138 91 255 124 213 932 
168 82 127 111 147 96 255 123 220 985 
176 87 135 118 155 102 255 123 231 1085 
186 93 1 118 161 106 255 136 155 990 
186 99 154 118 171 109 255 144 75 561 
186 99 156 118 172 109 255 141 69 511 
186 97 146 118 166 108 255 147 104 774 
186 94 132 118 157 107 255 134 210 1074 
163 90 118 118 140 105 255 135 183 1092 
151 87 108 114 129 100 255 127 202 972 
141 84 102 108 121 96 255 117 206 796 
132 80 95 103 113 91 255 113 182 673 
120 76 83 97 101 86 255 116 163 645 
108 74 69 97 88 85 255 117 184 743 
98 72 57 99 77 86 255 123 214 915 
90 75 47 105 68 90 255 129 219 1045 
91 81 44 118 67 97 255 133 194 1230 
91 84 41 118 65 103 255 145 178 1414 
93 88 39 118 65 105 255 156 146 1374 
94 90 39 118 65 106 255 158 122 1314 
96 91 38 118 65 106 255 157 120 1280 
98 91 38 118 66 107 255 158 103 1266 
99 94 37 118 67 108 255 157 113 1202 
101 95 38 118 68 108 255 155 115 1141 
103 95 40 118 70 108 255 157 112 1187 
111 94 49 118 79 108 255 164 142 1249 
117 87 62 118 89 104 255 156 179 1468 
119 83 72 118 95 100 255 131 200 1283 
125 78 82 108 103 92 255 122 211 979 
124 75 86 98 105 86 255 113 187 700 
124 73 91 93 107 82 255 102 167 556 
125 72 95 89 110 80 255 93 156 466 
127 75 98 90 112 82 255 92 131 387 
129 80 101 95 114 87 255 89 128 367 
130 81 101 97 115 88 255 89 132 384 
132 81 102 99 117 89 255 92 144 426 
137 83 106 101 121 91 255 98 146 465 
142 84 109 103 125 93 255 103 153 525 
147 81 111 103 128 92 255 110 174 642 
151 83 113 107 132 94 255 117 190 777 
156 84 114 110 135 96 255 125 202 914 
159 86 115 115 136 100 255 128 218 1070 
160 88 115 118 138 103 255 135 191 1170 
163 89 115 118 138 104 255 146 170 1193 
164 90 115 118 139 105 255 154 173 1211 
168 93 118 118 143 107 255 158 149 1103 
168 94 117 118 143 107 255 158 155 1060 
171 96 118 118 145 108 255 155 146 1013 
183 97 120 118 147 109 255 147 164 956 
171 98 118 118 145 109 255 152 137 922 
171 98 116 118 143 109 255 151 139 920 
168 99 114 118 142 109 255 150 140 889 
165 100 109 118 137 110 255 148 139 879 
163 101 104 118 134 110 255 145 134 827 
163 102 104 118 134 111 255 139 134 759 
161 103 101 118 132 111 255 141 124 763 
161 103 100 118 131 111 255 139 137 774 
161 103 100 118 130 111 255 139 139 772 
160 102 97 118 129 111 255 140 140 805 
159 101 96 118 128 111 255 143 138 866 
158 101 95 118 127 110 255 147 145 928 
157 99 93 118 125 110 255 150 154 1011 
156 97 91 118 124 109 255 156 154 1106 
152 92 89 118 120 106 255 168 164 1408 
147 83 89 118 118 103 255 163 178 1703 
144 80 91 118 118 98 255 144 212 1710 
143 74 94 111 118 92 255 138 239 1431 
145 74 99 106 122 90 255 136 216 1232 
152 76 106 109 129 92 255 134 227 1258 
158 80 111 116 134 97 255 134 238 1371 
160 84 111 118 135 101 255 142 194 1470 
159 87 107 118 132 103 255 157 178 1466 
160 91 107 118 133 105 255 165 158 1319 
164 95 109 118 136 107 255 161 150 1144 
166 96 110 118 138 108 255 155 153 1020 
171 98 118 118 145 109 255 151 143 934 
184 95 122 118 148 108 255 150 188 1101 
166 90 118 118 141 105 255 148 174 1197 
156 83 113 113 134 98 255 132 210 1097 
149 78 109 103 128 90 255 122 198 842 
138 76 102 97 120 86 255 110 174 636 
126 74 93 93 109 82 255 100 160 521 
116 73 86 89 100 81 255 94 139 416 
103 73 76 89 89 80 255 87 130 375 
100 71 74 87 86 78 255 78 146 356 
102 70 78 84 89 76 255 78 114 294 
108 67 85 80 96 73 255 73 104 261 
112 67 90 79 101 72 255 68 94 230 
108 64 88 74 98 69 255 65 82 201 
109 64 90 74 99 68 255 59 71 175 
108 67 90 75 99 71 255 59 61 149 
110 64 93 73 101 68 255 57 67 156 
111 65 96 73 103 69 255 49 59 128 
111 64 97 71 104 67 255 48 45 109 
115 61 101 69 108 64 255 45 55 109 
117 61 103 68 110 64 255 40 50 106 
115 64 102 71 108 67 255 41 50 100 
108 63 95 70 101 66 255 41 45 94 
89 63 76 70 82 66 255 43 45 89 
68 61 55 68 61 64 255 39 49 99 
47 55 35 62 40 58 255 41 40 87 
32 54 21 60 26 57 255 35 38 79 
29 56 18 63 23 59 255 34 44 84 
39 59 27 65 32 61 255 38 43 87 
62 60 48 66 55 63 255 39 47 99 
93 61 79 68 86 64 255 40 60 105 
118 60 105 66 111 62 255 43 41 89 
136 60 123 67 129 63 255 39 48 97 
149 61 137 68 143 64 255 40 44 92 
157 62 144 69 150 65 255 37 48 96 
160 62 148 69 154 65 255 38 47 91 
151 63 138 70 144 66 255 39 49 99 
135 61 121 67 128 64 255 44 46 95 
114 58 100 65 107 61 255 44 50 100 
93 56 79 64 85 60 255 43 52 110 
74 55 60 63 67 59 255 42 51 111 
56 57 43 64 49 60 255 45 47 104 
56 59 41 66 48 62 255 42 52 109 
76 60 60 68 68 64 255 43 61 123 
101 57 85 65 93 60 255 47 58 125 
124 55 108 62 116 58 255 47 53 119 
140 55 125 63 132 59 255 45 59 117 
149 57 134 65 141 60 255 45 60 124 
153 57 138 65 145 61 255 44 63 123 
143 58 128 66 135 62 255 47 61 126 
131 59 114 66 122 62 255 51 52 123 
117 58 101 66 109 62 255 49 63 135 
104 58 88 66 96 62 255 52 62 135 











































































































































































































































































































































































































































































































































































































































































































































































































































































































































































































































































































































































































































































































































































































































































































































































































































































































































































































































































































































































































































































































































































































































































































































































































































































































































































































































































































































































































































































































































































































