-1.141662 ,
0.945035 ,
-0.697055 ,
-0.461670 ,
-0.608672 ,
0.399976 ,
-1.077796 ,
-1.463364 ,
0.810816 ,
0.374714 ,
-0.800990 ,
0.392629 ,
-0.538951 ,
-0.070883 ,
0.833465 ,
0.714850 ,
0.155744 ,
-0.664514 ,
-0.913251 ,
-1.409744 ,
0.753659 ,
0.395717 ,
0.712417 ,
-0.736008 ,
0.431095 ,
0.673688 ,
0.302603 ,
0.936666 ,
0.243113 ,
-0.978378 ,
-0.826103 ,
-0.267049 ,
-0.303297 ,
0.543530 ,
0.084916 ,
0.805425 ,
-0.353474 ,
0.107442 ,
-0.277394 ,
-1.269184 ,
-0.160846 ,
0.068781 ,
-0.898361 ,
-0.045976 ,
0.914196 ,
0.260187 ,
-0.070883 ,
-1.579048 ,
